   1.2400655e+00  -4.9856587e-04   1.2148800e+01   1.1005724e+00  -4.9856587e-04   1.1586218e+01
  -6.1124334e-01  -2.6166798e-01   4.0163126e+00   6.9967673e-01  -2.6166798e-01   4.0163126e+00
   1.0984779e+00  -7.3647947e-02   1.2697637e+01   1.2426732e+00  -7.3647947e-02   1.2141787e+01
   5.5870072e-01   8.1263167e+00  -2.3153182e-02  -6.7251330e-01   8.1263167e+00  -2.3153182e-02
   3.3382261e+00   6.9897955e+00  -1.3850926e-03   3.3382261e+00   5.9339502e+00  -1.3850926e-03
   2.7109803e+00   1.2871622e-01   1.0915759e+01   4.0421852e+00   1.2871622e-01   1.0915759e+01
   3.6444986e+00  -6.7665194e-02   1.1834062e+01   3.6444986e+00  -6.7665194e-02   1.2426514e+01
   1.0952068e+00  -1.6709285e-01   5.2935426e+00   3.1447407e+00  -1.6709285e-01   5.2935426e+00
   3.9591377e+00   1.0409674e-01   1.3374823e+01   2.7426729e+00   1.0409674e-01   1.3374823e+01
  -2.4572295e-01   7.3758489e+00  -1.3412245e-01   5.5823787e-01   7.3758489e+00  -1.3412245e-01
  -4.9124205e-01   5.7683384e+00   9.8950643e-02   3.2559952e+00   5.7683384e+00   9.8950643e-02
   3.0560060e+00   5.8552181e+00   3.2191672e-02   1.0801966e+00   5.8552181e+00   3.2191672e-02
   6.5495681e-01   5.8416718e+00   6.2202605e-02  -3.6889398e-01   5.8416718e+00   6.2202605e-02
   3.5460126e+00  -1.8071137e-01   5.2796394e+00   5.5175365e+00  -1.8071137e-01   5.2796394e+00
   6.7982874e+00   7.4591386e+00   1.0003039e-01   6.7982874e+00   6.8912377e+00   1.3683311e-01
   3.4217072e+00   5.7683507e+00   1.0099799e-01   5.7931342e+00   5.7683507e+00   1.0099799e-01
   3.3709908e+00   1.1391422e+01  -1.2085466e-01   2.9525369e+00   1.1391422e+01  -1.2085466e-01
   5.4921251e+00   5.8503368e+00   3.6149609e-02   3.4561074e+00   5.8503368e+00   3.6149609e-02
   2.6540409e+00   4.5017999e-01  -2.2336183e-04   3.4362326e+00   4.5017999e-01  -2.2336183e-04
   6.4601050e-01  -4.2861257e-01   3.2873185e+00  -6.7137407e-01  -4.2861257e-01   3.2873185e+00
   3.4591945e+00   1.3511008e-01   1.1944951e+01   3.4591945e+00   1.3511008e-01   1.2466949e+01
   7.2351492e+00   1.0931152e+01   1.1422111e-01   7.2441410e+00   1.1448059e+01   1.1422111e-01
   3.3665078e+00   1.1876906e+01  -1.3139160e-01   2.9578557e+00   1.1876906e+01  -1.3139160e-01
   6.2398154e+00   1.0146752e+01   1.4173774e-01   6.2398154e+00   4.5840276e-01   1.4173774e-01
   6.4028409e+00   4.5240242e+00   1.4632212e-01   6.4028409e+00   5.8260896e-01   1.4632212e-01
   3.3332886e+00   1.0901864e+01  -1.1078403e-01   2.9455673e+00   1.0901864e+01  -1.1078403e-01
   2.9950315e+00   1.1023457e+01  -2.0290808e-01   3.3828062e+00   1.1014328e+01  -2.0290808e-01
   3.1268342e+00  -1.2903122e-01   5.2008587e+00   1.1282969e+00  -1.2903122e-01   5.2008587e+00
   3.8486305e+00  -3.4671663e-01   1.9063749e+00   3.8486305e+00  -3.4671663e-01   5.0018264e-01
   2.9836159e+00   1.1496188e+01  -2.3118678e-01   3.3985523e+00   1.1496188e+01  -2.3118678e-01
   6.3984642e+00   1.4731928e+01   1.1213067e-01   6.3984642e+00   4.9136996e+00   1.1213067e-01
   1.0819278e+00   1.0665481e+01   2.4824897e-01   1.0819278e+00   1.2180475e+01   2.4824897e-01
   6.8817277e+00   9.1508050e+00   1.0032609e-01   6.8817277e+00   9.7162145e+00   1.0032609e-01
   3.7155126e+00   7.0123692e+00   3.0169168e-02   3.7155126e+00   8.3599985e+00   3.0169168e-02
   6.2423673e+00   1.4746766e+01   1.5201632e-01   6.2423673e+00   6.0553856e+00   1.5201632e-01
   2.7076087e+00   6.4754130e-02   1.1958351e+01   2.7076087e+00   6.4754130e-02   1.2380174e+01
  -5.6438755e-01  -9.6789524e-02   1.4057322e-01   5.6897172e+00  -9.6789524e-02   1.4057322e-01
   1.3705877e+00  -7.7063260e-01   1.3112073e+00   1.3705877e+00  -7.7063260e-01  -5.7784466e-02
  -4.6794271e-01  -1.8172569e-01   5.2753695e+00   7.1934043e-01  -1.8172569e-01   5.2753695e+00
   3.3528326e+00   4.7183795e+00  -2.0421320e-02   2.9452636e+00   4.7183795e+00  -2.0421320e-02
   6.3115041e+00  -1.9942323e-01   1.6891063e-01   6.3115041e+00   1.4754652e+01   1.6891063e-01
   3.6163846e+00   8.2469326e+00   5.1747383e-02   3.6163846e+00   7.0856386e+00   5.1747383e-02
   6.8012641e+00   8.6061603e+00   1.1882310e-01   6.7984604e+00   8.0254200e+00   1.1882310e-01
   9.7412559e-01   1.2001285e+01  -1.3499926e-01   9.7412559e-01   1.3650197e+01  -1.3499926e-01
   6.4179496e+00  -2.4341407e-01   2.1219794e-01   6.4179496e+00  -2.4341407e-01   4.6301176e+00
   6.2688079e+00  -2.7082188e-01   4.0993571e+00   6.2688079e+00  -2.7082188e-01   4.9337968e+00
   9.0652949e-01  -1.2197913e-01   5.1936963e+00  -4.9382760e-01  -1.2197913e-01   5.1936963e+00
   6.4087573e+00  -2.0396767e-01   5.0736093e+00   6.4087573e+00  -2.0396767e-01   9.8033831e+00
   3.3345680e+00   5.2276011e+00   3.1979953e-03   2.9368392e+00   5.2276011e+00  -9.0970634e-03
   3.3267002e+00   3.6365787e+00   9.4720039e-02   3.3267002e+00   1.4268251e+00   9.4720039e-02
   6.8845802e+00   6.8522702e+00   8.8396841e-02   6.8845802e+00   7.4223987e+00   8.8396841e-02
   5.7593938e+00  -1.2855980e-01   5.2012497e+00   3.5664073e+00  -1.2855980e-01   5.2012497e+00
   7.1241286e+00   1.1611463e+01   2.7379858e-01   7.1241286e+00   1.0962229e+01   2.7379858e-01
   3.8047794e+00   1.3477510e-02   1.0023917e+01   3.8047794e+00   1.3477510e-02   8.9979174e+00
   3.4475570e+00   1.6451345e+00   8.7120701e-02   3.4475570e+00   3.4999648e+00   8.7120701e-02
   8.2298799e-01  -1.9957660e-01   1.1547656e+01  -2.0155711e-01  -1.9957660e-01   1.1547656e+01
   6.2368821e+00  -1.3649158e-01   5.5140242e+00   6.2368821e+00  -1.3649158e-01   1.0302224e+01
   3.3541581e+00  -8.9705059e-02   7.9417151e+00   3.3541581e+00  -8.9705059e-02   9.1086160e+00
   3.6072375e+00   5.3093953e+00   2.5382710e-02   3.6072375e+00   3.6721328e+00   9.7225646e-02
   1.1345988e+00   1.2420769e+01   4.1876151e-01   1.1345988e+00   1.0509044e+01   4.1876151e-01
   6.3317762e+00  -2.0613089e-01   1.0336980e+01   6.3317762e+00  -2.0613089e-01   1.7353804e-01
   3.9869958e+00   5.8276918e-02   1.1065014e+01   2.7361073e+00   5.8276918e-02   1.1065014e+01
   3.3322353e+00   1.0504429e+01   1.6460388e-01   3.3322353e+00   8.3852965e+00   1.6460388e-01
   3.1063840e+00   3.7751877e-03   1.0096368e-01  -5.7250926e-01   3.7751877e-03   1.0096368e-01
   5.3361457e+00   1.0626573e-01   1.0923451e+01   6.4486299e+00   1.0626573e-01   1.0923451e+01
   6.2692731e+00  -3.1396421e-01   1.7533607e+00   6.2692731e+00  -3.1396421e-01   3.9993471e+00
   7.7947891e+00   1.1515338e+01   1.1064320e-01   7.7947891e+00   1.2067704e+01   1.1064320e-01
   6.4023641e+00  -2.5039503e-01   8.4823494e+00   6.4023641e+00  -2.5039503e-01   9.7936908e+00
   3.4260759e+00   1.2142375e+01   9.3486417e-02   3.4260759e+00   1.4473444e+01   9.3486417e-02
   3.4338354e+00   5.8390787e+00   7.1853189e-02   3.4338354e+00   6.9736184e+00   7.1853189e-02
   6.4314950e+00   2.1629488e-02   1.3327142e+01   5.3773928e+00   2.1629488e-02   1.3327142e+01
   3.7135594e+00  -4.6511552e-02   7.8817766e+00   3.7135594e+00  -4.6511552e-02   6.2242848e+00
   9.8831916e-01   5.7716824e+00   9.0553683e-02   3.2563659e+00   5.7716824e+00   9.0553683e-02
   6.8114307e+00   6.2796934e+00   9.8912375e-02   6.8114307e+00   5.7326663e+00   9.8912375e-02
   6.8595466e+00   1.4089563e+01   1.3983354e-01   6.8595466e+00   1.2697763e+01   1.3983354e-01
   6.4616146e-01   1.0484942e+01  -1.4710269e-01   3.9223000e-02   1.0484942e+01  -1.4710269e-01
   3.7141871e+00   1.0227250e+01  -1.0608179e-01   3.7141871e+00   1.2015203e+01  -1.0608179e-01
   1.9481361e+00   5.3881154e-01   1.3254931e+01   1.9481361e+00   5.3881154e-01   1.3689160e+01
   5.2925164e+00   1.0935472e-01   1.3523168e+01   6.4259512e+00   1.0935472e-01   1.3546067e+01
   3.3439242e+00   1.4394229e+01  -3.6722883e-02   3.3439242e+00   1.2083926e+01  -3.6722883e-02
   5.9771694e+00  -1.8171296e-01   6.3461851e+00   5.3576341e+00  -1.8171296e-01   6.3461851e+00
   6.9775535e+00   1.2654193e+01   1.3189984e-03   6.9775535e+00   1.3993013e+01   1.3189984e-03
   3.6234523e+00   1.2025043e+01   2.2275226e-02   3.6234523e+00   1.0360373e+01   2.2275226e-02
   3.4391306e+00   8.3474132e+00   8.1845600e-02   3.4300739e+00   1.0352722e+01   8.1845600e-02
   3.4603953e+00  -1.1571470e-01   5.1417554e+00   3.4603953e+00  -1.1571470e-01   4.3232181e+00
   3.6400999e+00  -4.5566765e-02   6.2718643e+00   3.6400999e+00  -4.5566765e-02   7.8661628e+00
   5.9156070e+00  -2.3362648e-01   3.1709536e+00   5.3287533e+00  -2.3362648e-01   3.1709536e+00
   6.7954571e+00   1.0906884e+01   1.4485302e-01   6.7954571e+00   1.0293149e+01   1.4485302e-01
   9.4200119e+00  -3.4052677e+00   8.0847238e+00   9.2275754e+00  -3.4052677e+00  -2.7130875e+00
   4.7745519e+00  -3.1120105e-01   4.3456051e+00   4.7745519e+00  -3.1120105e-01   2.9841340e+00
   3.6340903e+00   1.9934706e-02   9.2147598e+00   3.6340903e+00   1.9934706e-02   1.0347879e+01
   3.7017041e+00   6.1764677e-02   1.0415592e+01   3.7017041e+00   6.1764677e-02   9.2065403e+00
   8.3340198e+00   1.2153892e+01   1.3710088e-01   8.3340198e+00   1.2711972e+01   1.3710088e-01
   3.7127248e+00  -1.0985193e-01   4.2313735e+00   3.7127248e+00  -1.0985193e-01   3.0721217e+00
   3.4528266e+00   1.6398433e-02   9.1078097e+00   3.4528266e+00   1.6398433e-02   7.9517334e+00
   6.8028894e+00   9.7389835e+00   1.2670013e-01   6.8028894e+00   9.1718823e+00   1.2670013e-01
   6.4266150e+00   7.1978137e-02   1.0742058e+01   5.4127903e+00   7.1978137e-02   1.0742058e+01
   3.3645044e+00  -1.7376400e-01   1.9814435e+00   3.3645044e+00  -1.7376400e-01   3.0652047e+00
   3.4528553e+00  -5.8040441e-02   6.2385142e+00   3.4528553e+00  -5.8040441e-02   5.3206534e+00
   8.6099992e+00   8.8932523e-02   1.1035944e+01   7.6248663e+00   8.8932523e-02   1.1035944e+01
   3.3317000e+00   4.2544519e+00  -5.9244529e-03   2.5174576e+00   4.2544519e+00  -5.9244529e-03
   5.0252610e+00   4.2512226e+00  -2.5056764e-02   6.0463930e+00   4.2512226e+00  -2.5056764e-02
   3.4478800e+00  -1.0739683e-01   3.0618349e+00   3.4478800e+00  -1.0739683e-01   1.9501212e+00
   3.8497843e+00  -3.1953549e-01   4.2386158e+00   3.8497843e+00  -3.1953549e-01   2.3457569e+00
   9.7256802e-01   6.3259098e+00   8.8576735e-01   9.7256802e-01   1.0564182e+01   8.8576735e-01
   1.2229807e+00   1.0193647e+01  -6.1628055e-02   1.2229807e+00   1.2067564e+01  -6.1628055e-02
   9.0018465e+00   6.4708465e+00  -2.3800899e+00   9.0018465e+00   1.1222597e+01  -2.3800899e+00
   1.3228930e+00   1.3111975e-01   1.3341771e+01   7.5400288e-02   1.3111975e-01   1.3341771e+01
   2.3496241e+00   1.0429445e+01  -8.1240890e-04   3.3164613e+00   1.0429445e+01  -8.1240890e-04
   4.6198664e+00   2.7804250e-01   1.0172454e+01   4.6198664e+00   2.7804250e-01   1.1200742e+01
   6.1659436e+00   1.1931704e+01   7.1468679e-02   6.1659436e+00   1.0434908e+01   7.1468679e-02
   4.6966912e+00  -3.0189820e-01   2.9461749e+00   4.6966912e+00  -3.0189820e-01   4.3411572e+00
   1.0323806e+00   1.6059618e+00   5.2846663e+00   1.0323806e+00   1.6059618e+00   3.7130006e+00
   3.6876291e+00   3.6950046e+00   1.3326749e-01   3.6876291e+00   5.6505417e+00   1.3326749e-01
   7.5737499e+00   1.0953089e-01   1.0943535e+01   8.6371183e+00   1.0953089e-01   1.0943535e+01
   8.1830306e+00   1.2716052e+01   1.8821426e-01   8.1830306e+00   1.3880966e+01   1.8821426e-01
   9.2254842e+00   1.4088746e+00  -2.8254504e+00   9.2254842e+00   5.6632915e+00  -2.9442225e+00
   3.6448580e+00  -1.6430779e-01   3.0700653e+00   3.6448580e+00  -1.6430779e-01   4.1990889e+00
   5.0156571e+00  -2.6476660e-01   9.3870263e+00   5.9683688e+00  -2.6476660e-01   9.3870263e+00
  -7.4732486e-01   3.1469127e+00   1.5198487e+01  -7.4732486e-01   3.1469127e+00   4.0833727e+00
   4.5981151e+00   8.2947534e+00   1.3759758e-01   4.5981151e+00   7.5999959e+00   1.3759758e-01
   4.6289291e+00   1.2119903e+01   1.0156574e-01   4.6289291e+00   1.0490501e+01   1.0156574e-01
   4.5680307e+00  -2.4423838e-01   7.7533542e+00   4.5680307e+00  -2.4423838e-01   6.4013381e+00
   1.3112706e+00   9.9653126e-02   1.0751055e+01   1.9428317e-02   9.9653126e-02   1.0751055e+01
   4.2390767e+00  -1.6490092e-01   7.1344974e+00   4.2390767e+00  -1.6490092e-01   7.6224729e+00
   2.0875660e+00   4.7456485e-01   1.3235972e+01   2.0875660e+00   4.7456485e-01   1.3685520e+01
   7.4507575e+00  -4.5077303e-04   1.3107118e+01   7.4507575e+00  -4.5077303e-04   1.2437709e+01
   2.6361731e+00   1.3626562e-01   1.3206150e+01   3.9891294e+00   1.3626562e-01   1.3206150e+01
   4.8036069e+00  -1.6871135e-01   9.4337069e+00   4.8036069e+00  -1.6871135e-01   1.0241655e+01
   1.4375194e+00  -1.3369870e-01   1.1163817e+01   1.4375194e+00  -1.3369870e-01   1.3017933e+01
   5.1053415e+00  -1.9437389e-01   7.7602564e+00   6.0390897e+00  -1.9437389e-01   7.7602564e+00
   6.1676349e+00   8.0924730e+00   1.8507821e-02   6.1676349e+00   7.1943177e+00   1.8507821e-02
   2.8351141e+00   2.0857186e-01   1.1866727e+01   2.8351141e+00   2.0857186e-01   1.2593781e+01
   8.7983642e-01   1.0631439e+01   3.4781419e-01   8.7983642e-01   6.1043098e+00   3.4781419e-01
   3.5468912e+00   1.0929450e-01   1.2532805e+01   3.5468912e+00   1.0929450e-01   1.1883990e+01
   4.4048390e+00   1.2502512e-02   1.1306564e+01   4.4048390e+00   1.2502512e-02   1.2954620e+01
  -3.4144864e-01  -6.9080913e-01   5.6311163e+00  -3.4144864e-01  -6.9080913e-01   1.0149016e+01
   4.9252752e+00   7.1001713e+00   6.0903130e-02   6.1404132e+00   7.1001713e+00   6.0903130e-02
   2.2912750e+00  -1.5836083e-01   4.2259271e+00   2.2912750e+00  -1.5836083e-01   3.0510064e+00
   3.5593862e+00   1.0511187e+01   5.8098873e-02   3.5593862e+00   1.1999261e+01   5.8098873e-02
   9.3806278e-01   4.8618538e-01   5.6802038e+00   9.3806278e-01   4.8618538e-01   6.7721055e+00
   1.1365088e+00   6.2860649e+00   7.6857456e-01   1.1365088e+00   4.1593627e+00   7.6857456e-01
   4.0035187e+00   7.9128453e-02   1.0773272e+01   2.6839785e+00   7.9128453e-02   1.0773272e+01
   6.0072008e+00   1.2270279e+01   7.0179462e-02   6.0136208e+00   1.3582016e+01   7.0179462e-02
   7.3308265e+00   1.0818814e+01   1.5390437e-01   7.3308265e+00   1.1415122e+01   1.5390437e-01
   2.1829558e+00  -1.8866054e-01   6.0170559e-01   2.1829558e+00  -1.8866054e-01   2.0663054e+00
   2.0151740e+00   4.0725224e-01   1.3675286e+01   2.0151740e+00   4.0725224e-01   1.3224701e+01
   4.9223972e+00   3.6170647e+00  -1.0964107e-02   5.9656579e+00   3.6170647e+00  -1.0964107e-02
   4.1006512e+00   5.1097765e-02   1.3081773e+01   2.3105371e+00   5.1097765e-02   1.3081773e+01
   6.3580095e+00  -1.0477417e-01   1.2915231e+01   5.2338703e+00  -1.0477417e-01   1.2915231e+01
   3.3733599e+00  -2.2534600e-01   5.3805172e+00   3.3733599e+00  -2.2534600e-01   6.1130395e+00
   7.7141500e+00   1.2125568e+01   1.4911504e-01   7.7141500e+00   1.1527011e+01   1.5683893e-01
   2.1790850e+00   1.0392515e+01   2.5469140e-02   2.1790850e+00   1.1971337e+01   2.5469140e-02
   6.0292460e+00   9.2417801e-01   6.8023094e-02   5.0258780e+00   9.2417801e-01   6.8023094e-02
   9.0897853e+00  -3.1681009e+00  -1.2426385e+00   9.0897853e+00  -3.1681009e+00   3.0646735e+00
   2.4450819e+00  -1.2928497e-01   9.1757120e+00   2.4450819e+00  -1.2928497e-01   8.5483777e+00
  -5.8478473e-01   6.7496834e-01  -7.6754609e-01  -5.8478473e-01   3.7315731e+00  -7.6754609e-01
   2.9174671e+00   1.7047152e-01   1.2570969e+01   2.9174671e+00   1.7047152e-01   1.1864751e+01
   1.4076199e+00   2.1744960e-01   1.0606189e+01   1.4076199e+00   2.1744960e-01   9.8395238e+00
   7.6356584e-01   7.4345855e+00   1.9129803e-01   7.6356584e-01   8.3383301e+00   1.9129803e-01
   2.6252690e+00   2.5541993e-01   1.2522235e+01   2.6252690e+00   2.5541993e-01   1.1985913e+01
   2.9269784e+00   3.0460842e-02   1.2560226e+01   2.1744710e+00   3.0460842e-02   1.2560226e+01
   8.5605868e+00  -6.3844320e-02   1.2590998e+01   8.0169163e+00  -6.3844320e-02   1.2591785e+01
   1.0163990e+00   8.9805139e-01   6.8898929e+00   1.0163990e+00   8.9805139e-01   5.7487846e+00
   9.0357981e+00   4.2011576e-01  -2.6807832e+00   9.0357981e+00  -2.1440542e+00  -2.6807832e+00
   3.5105238e+00   1.2020973e+01   4.8976574e-02   3.5105238e+00   1.0548884e+01   4.8976574e-02
   4.7635679e+00  -1.3414753e-01   9.0883877e+00   4.7635679e+00  -1.3414753e-01   8.1242513e+00
   1.2047542e+00   6.4571026e-01   6.5096659e+00   1.2047542e+00   6.4571026e-01   8.5013850e+00
   5.0723426e+00   5.4835040e-01  -7.1361075e-02   5.9026254e+00   5.4835040e-01  -7.1361075e-02
   2.0716829e+00   3.8263056e-01   1.0672503e+01   2.0716829e+00   3.8263056e-01   1.1189477e+01
   5.1594031e+00  -1.8549794e-01   1.1849445e+01   5.1594031e+00  -1.8549794e-01   1.1069348e+01
  -6.8547551e-01   9.2115421e-02   1.3503602e+01  -6.8547551e-01   9.2115421e-02   1.2930519e+01
   9.2366087e+00  -3.6531520e+00  -2.8394446e+00   9.2366087e+00   2.1808108e+00  -2.8394446e+00
   6.8884122e+00   1.8075273e-01   1.3054351e+01   6.8884122e+00   1.8075273e-01   1.2549087e+01
   2.1905166e-02   1.6632549e-01   1.0919839e+01   1.3092088e+00   1.6632549e-01   1.0919839e+01
   5.9382174e+00   1.3682398e+01   1.4476304e-01   5.9382174e+00   1.2147637e+01   8.3861239e-02
   2.4566631e+00   7.1560712e+00   3.4580202e-02   3.2589556e+00   7.1560712e+00   3.4580202e-02
   6.8110547e+00   8.6997347e-02   1.1991043e+01   6.8110547e+00   8.6997347e-02   1.2372556e+01
   5.1367560e+00  -7.3896627e-02   1.3093986e+01   5.1367560e+00  -7.3896627e-02   1.2416245e+01
   1.2132273e+00  -4.4631989e-02   5.0216349e-01   1.2132273e+00  -4.4631989e-02   1.9583000e+00
  -2.7601519e-01   6.7776524e+00   1.7189141e+00  -2.7601519e-01   6.7776524e+00  -1.2119284e-01
   1.9314667e+00   5.6087915e-01   1.0774719e+01   1.9152239e+00   5.6087915e-01   1.1795856e+01
   2.5954001e+00   7.9780763e-02   8.0000425e+00   2.5954001e+00   7.9780763e-02   8.5499584e+00
   4.5789364e+00   4.8858578e-01   1.2783699e+01   4.5789364e+00   4.8858578e-01   1.3746642e+01
   5.3919690e+00   1.1045176e-01   1.3243873e+01   6.3549634e+00   1.1045176e-01   1.3243873e+01
   7.6541646e+00  -1.3898902e-01   1.2931208e+01   8.6188292e+00  -1.3898902e-01   1.2931208e+01
   4.5037705e+00   8.5645531e-03   8.2057841e-02   3.5472820e+00   8.5645531e-03   8.2057841e-02
   2.2744768e+00  -3.4139519e-01   1.9719375e+00   2.2744768e+00  -3.4139519e-01   3.9672465e-01
   5.9413672e+00   1.0161344e+01   8.7689040e-02   5.9753618e+00   9.1124779e+00   8.7689040e-02
   4.0044688e+00   8.8530394e+00   1.5405680e-02   4.0044688e+00   1.0330574e+01   1.5405680e-02
   3.5485840e+00   7.5411686e+00   7.2366884e-02   3.5485840e+00   8.2209169e+00   7.2366884e-02
   2.2334757e+00  -4.6722529e-02   8.1375522e+00   2.2334757e+00  -4.6722529e-02   6.4550181e+00
   3.3702704e+00  -1.7059714e-01   4.2964525e+00   3.3702704e+00  -1.7059714e-01   5.0377513e+00
   6.0711721e+00  -4.2481239e-01   9.4181592e-01   5.0714571e+00  -4.2481239e-01   9.4181592e-01
   1.1853157e+00   6.9236807e-01   9.7077184e+00   1.1853157e+00   6.9236807e-01   8.7932524e+00
   4.9002669e+00   1.0386432e+01   4.1710437e-02   6.1464303e+00   1.0386432e+01   4.1710437e-02
   8.1016442e+00   1.2840547e+01   1.0714369e-01   8.1016442e+00   1.3503436e+01   1.0714369e-01
  -8.9706343e-02   9.4531165e+00  -2.3180890e+00  -8.9706343e-02   9.4531165e+00   2.6380580e+00
   2.2879761e+00   1.8396106e-02   1.2638158e+01   3.6468822e+00   1.8396106e-02   1.2638158e+01
   3.6457397e+00  -1.7395450e-01   3.5110427e-01   3.6457397e+00  -1.7395450e-01   1.8985534e+00
   3.5313936e+00  -5.1912425e-02   9.3495377e+00   3.5313936e+00  -5.1912425e-02   1.0243737e+01
   9.2657901e-01   1.3755190e+00   8.6967462e+00   9.2657901e-01   1.3755190e+00   1.0390132e+01
   4.7095002e+00   1.0199784e+01   2.0606502e-03   4.7095002e+00   1.2014307e+01   2.0606502e-03
   1.2931826e+00   5.5863616e-01   1.0800719e+01   1.2931826e+00   5.5863616e-01   9.3781637e+00
   6.7854209e+00   2.1333929e-01   1.3275514e+01   6.7854209e+00   2.1333929e-01   1.3684906e+01
  -3.0771562e-01   4.1958424e+00   6.9712620e-01  -3.0771562e-01   4.1958424e+00   2.6074391e+00
   9.2204928e+00  -3.4035845e+00   3.3683011e+00   9.2204928e+00  -3.4035845e+00   5.6346988e+00
   5.9457887e+00  -1.0522669e-01   9.2806462e+00   4.8968196e+00  -1.0522669e-01   9.2806462e+00
   4.8657557e+00   1.0296780e+01   7.0583988e-02   4.8657557e+00   8.7707283e+00   7.0583988e-02
  -2.8872593e-01   9.2153064e+00   1.5636317e+00  -2.8872593e-01   1.5146477e+01   1.5636317e+00
  -7.8749971e-01   2.7624847e+00   9.6730336e+00  -7.8749971e-01   2.7624847e+00   3.6057552e+00
   6.3217939e+00   1.4523268e-01   1.2418759e+01   6.3217939e+00   1.4523268e-01   1.1935603e+01
   3.9653494e+00  -2.5072685e-01   2.4694602e+00   3.9653494e+00  -2.5072685e-01   3.4066827e+00
   7.5619378e+00   6.0413590e-02   1.3227074e+01   8.6671748e+00   6.0413590e-02   1.3227074e+01
   6.4092941e+00  -1.6524783e-02   1.1806974e+01   5.1870215e+00  -1.6524783e-02   1.1806974e+01
   2.3497932e+00  -1.4297452e-01   9.5951827e-01   2.3497932e+00  -1.4297452e-01   1.8951223e+00
   1.2887611e+00   1.5398437e+00   1.6992241e+00   1.2887611e+00   1.5398437e+00  -7.2328663e-01
  -7.2886025e-01   1.4382766e+01  -1.7612422e-01  -7.2886025e-01   8.7333669e+00  -1.7612422e-01
   2.1734590e+00  -3.2010529e-02   1.1792431e+01   2.8216517e+00  -3.2010529e-02   1.1792431e+01
   8.2630173e+00   1.2766316e+01   1.5870785e-01   8.2630173e+00   1.2112728e+01   1.5870785e-01
   5.2837133e+00  -1.3925078e-01   1.1399277e+01   6.3952457e+00  -1.3925078e-01   1.1399277e+01
   4.8551892e+00  -1.2521506e-01   1.0034591e+01   4.8551892e+00  -1.2521506e-01   9.2002216e+00
   1.2192788e+00   7.4106169e-01   9.4656129e+00   1.2192788e+00   7.4106169e-01   1.0918672e+01
  -6.1966979e-01  -3.6906602e-01   9.2653405e+00  -6.1966979e-01  -3.6906602e-01   6.4472352e+00
  -6.1613923e-01  -1.7273834e+00   6.9303327e+00  -6.1613923e-01   8.1984841e-01   6.9303327e+00
   5.1003108e+00  -2.2318573e-01   7.2670184e+00   5.9704013e+00  -2.2318573e-01   7.2670184e+00
   5.0478048e+00  -3.3018797e-01   8.1720036e-01   6.0898510e+00  -3.3018797e-01   8.1720036e-01
   4.0134932e+00   1.2679390e+01  -3.1329607e-02   4.0134932e+00   1.3323324e+01  -3.1329607e-02
   6.7791608e+00   1.7105989e-01   1.0220107e+01   6.7791608e+00   1.7105989e-01   1.1067850e+01
   1.8707913e+00   6.4284687e-01   1.3751947e+01   1.8707913e+00   6.4284687e-01   1.0801178e+01
  -6.5047795e-01  -1.8026305e-01   1.1320214e+01  -6.5047795e-01  -1.8026305e-01   1.3479411e+01
   4.4994057e+00   6.2773280e-01   1.3830038e+01   4.4994057e+00   6.2773280e-01   1.2836143e+01
  -7.2118401e-01  -2.3066264e-01   1.1055078e+01  -7.2118401e-01  -2.3066264e-01   1.0138004e+01
   1.8622168e+00   7.2376555e-01   1.1564665e+01   1.8622168e+00   7.2376555e-01   1.0817663e+01
   8.8683388e-01   1.4626918e+01   3.1766233e-01   8.8683388e-01   1.2194045e+01   3.1766233e-01
  -6.4243303e-01   1.0224781e+01   6.5313026e-01  -6.4243303e-01   1.0224781e+01  -9.9674473e-01
   3.2984021e+00  -7.8015076e-02   9.2615358e+00   2.4208765e+00  -7.8015076e-02   9.2615358e+00
   1.8132652e+00   7.1277988e+00  -4.5957307e-02   1.8132652e+00   7.9459766e+00  -4.5957307e-02
   6.6669621e+00  -1.2374777e-01   1.1107291e+01   6.6669621e+00  -1.2374777e-01   1.1532069e+01
   9.4173081e-01   5.6286782e-01   2.3658554e+00   9.4173081e-01   5.6286782e-01   5.8342653e+00
   5.9120338e+00  -1.0352460e-02   7.5242678e-02   4.6142443e+00  -1.0352460e-02   7.5242678e-02
   2.2051634e+00  -4.3356213e-02   3.1058952e+00   2.2051634e+00  -4.3356213e-02   4.3256313e+00
  -5.6893727e-02  -1.4502378e+00   8.1362777e+00  -5.6893727e-02  -1.4502378e+00   9.5663872e+00
  -6.9076249e-01  -4.8364016e-01   2.7537794e+00  -6.9076249e-01  -4.8364016e-01   1.0946295e+01
   1.0247157e+00   1.2139106e+00   1.0233735e+01   1.0247157e+00   1.2139106e+00   8.6820294e+00
   4.9179980e+00  -2.8360928e-01   2.8642006e+00   4.9179980e+00  -2.8360928e-01   2.1419688e+00
   2.0948417e+00   1.5844932e-03   1.2366364e+01   2.0948417e+00   1.5844932e-03   1.1916004e+01
  -2.5301126e-01  -4.3494886e-01  -4.5199855e-01  -3.0381889e-01   5.1199365e+00  -4.5199855e-01
   4.6924700e+00   3.7478080e+00   2.1765993e-02   4.6924700e+00   5.5438397e+00   2.1765993e-02
   7.6236834e+00   4.8841963e-02   1.3542171e+01   8.6444560e+00   4.8841963e-02   1.3542171e+01
   6.0327676e+00  -2.6841636e-01   6.8725582e+00   5.0752717e+00  -2.6841636e-01   6.8725582e+00
   1.8876101e+00  -1.0786009e+00   1.3527115e+01   1.8876101e+00  -1.0786009e+00   8.8980150e+00
   4.5951489e+00   5.3349754e+00   1.4617131e-01   4.5951489e+00   3.8823324e+00   1.4617131e-01
   5.9927479e+00   5.1755079e+00   2.9002543e-02   5.0020374e+00   5.1755079e+00   2.9002543e-02
   4.2863613e+00   1.2191322e+01  -2.1318554e-01   4.2863613e+00   1.3186021e+01  -2.1318554e-01
   4.7147468e+00   6.9245737e+00  -2.9713938e-02   4.6930471e+00   8.1759312e+00  -2.9713938e-02
   4.4858844e+00  -1.6332439e-01   6.4220576e+00   4.4858844e+00  -1.6332439e-01   7.7739559e+00
   7.2961496e+00   1.3489956e+01  -1.0520979e-01   7.6533064e+00   1.3695678e+01  -1.0520979e-01
   6.9231055e+00   2.6248555e-01   1.1196228e+01   6.9231055e+00   2.6248555e-01   1.0530505e+01
  -5.8903750e-01   1.0779852e+01   3.3085211e+00  -4.8859623e-01   4.0805042e+00   3.3085211e+00
   1.8057533e+00   2.8124707e+00   1.4901426e-01   1.8057533e+00   3.6310499e+00   1.4901426e-01
   2.2072168e+00   8.6431825e+00   3.0310616e-02   2.2072168e+00   9.5729137e+00   3.0310616e-02
   6.0143925e+00  -2.6256522e-01   7.3355844e+00   5.0701212e+00  -2.6256522e-01   7.3355844e+00
   6.0144011e+00   1.4337280e+00   8.3095308e-02   5.0351437e+00   1.4337280e+00   8.3095308e-02
   2.2266984e+00   5.6317808e-02   9.9934045e+00   2.2266984e+00   5.6317808e-02   9.2612730e+00
   2.0055251e+00   2.7456918e-01   1.1133869e+01   2.0055251e+00   2.7456918e-01   1.0434817e+01
   1.7260062e+00   3.7643786e+00   2.3742554e-01   1.7260062e+00   2.8377687e+00   2.3742554e-01
   2.0025248e+00   3.3769759e-01   1.1969922e+01   2.0025248e+00   3.3769759e-01   1.2633892e+01
   9.0798518e+00   5.4486769e+00  -2.8043073e+00   9.0798518e+00   1.0415511e+00  -2.8043073e+00
  -3.5096991e-01  -7.9483116e-01   5.3496163e+00  -3.5096991e-01  -7.9483116e-01   7.9643694e+00
   8.8833164e+00   1.1189943e+01  -2.4940457e+00   8.8833164e+00   7.5358413e+00  -2.4940457e+00
   5.0553619e+00  -2.6832890e-01   1.7887716e+00   6.0019012e+00  -2.6832890e-01   1.7887716e+00
   1.7198846e+00   3.4769060e-01   1.1472622e+01   1.7198846e+00   3.4769060e-01   1.3179095e+01
   8.6059642e+00   4.4610255e-02   1.0715637e+01   7.6563617e+00   4.4610255e-02   1.0715637e+01
   6.0618378e+00  -3.0154816e-01   9.7118564e+00   5.0311667e+00  -3.0154816e-01   9.7118564e+00
   5.4593488e+00   4.6891260e+00   3.9236763e-02   5.0029798e+00   4.6891260e+00   3.9236763e-02
   4.1240419e+00   1.6715756e-01   1.2361368e+01   4.1240419e+00   1.6715756e-01   1.1212921e+01
   6.4267433e+00   2.0131070e-02   1.1020737e+01   5.3849775e+00   2.0131070e-02   1.1020737e+01
  -2.5264758e-02   1.1518417e+01   1.4375936e+00  -2.5264758e-02   1.3196513e+01   1.4375936e+00
  -9.8367701e-01   7.2281294e+00   9.9742437e+00  -9.8367701e-01  -3.7099348e-01   9.9742437e+00
   1.7818150e+00   1.1586661e+01  -1.4485013e+00   1.7818150e+00   1.1586661e+01   6.3954990e-01
   1.4119224e+00   5.1677328e-01   1.1329631e+01   1.4119224e+00   5.1677328e-01   1.2214680e+01
   8.9209252e+00  -1.9118000e-01   1.1011368e+01   8.9209252e+00  -1.9118000e-01   1.3146880e+01
   5.4063168e+00   6.7423924e+00   6.9757703e-01   5.4063168e+00   6.7423924e+00  -2.1779545e-01
   1.0563639e+01   4.7828001e+00  -5.5799071e+00   1.0563639e+01   3.9640385e+00  -5.5799071e+00
   4.4894601e+00   1.2182841e+01   3.4489280e-02   4.4894601e+00   1.3804204e+01   3.4489280e-02
   7.3881600e-02   1.0425137e+01   2.1864746e-02   1.0526236e+00   1.0425137e+01   2.1864746e-02
   4.3920314e+00   1.2381474e+01   2.3318277e-01   4.3920314e+00   1.0144377e+01   2.3318277e-01
   1.7875265e+00   1.3377623e+00   1.3806274e-01   1.7875265e+00   2.2670159e+00   1.3806274e-01
   1.9695819e+00   1.0939635e+01   6.5072450e-01   1.9695819e+00   8.1665581e+00  -8.6803933e-02
  -2.0723376e-01   1.4666406e-01   1.1229519e+01  -2.0723376e-01   1.4666406e-01   1.0483916e+01
   1.7831668e+00   1.3860113e+01  -6.7055366e-02   1.7831668e+00   1.3196677e+01  -6.7055366e-02
   4.2584522e+00   9.3249902e-02   1.1833693e+01   4.2584522e+00   9.3249902e-02   1.2242526e+01
   8.5981636e+00  -6.5643211e-02   1.0480751e+01   7.5843429e+00  -6.5643211e-02   1.0480751e+01
   5.0994918e+00   1.1426478e+01  -1.0321440e-01   6.1359374e+00   1.1426478e+01  -1.0321440e-01
   7.3726641e+00  -3.8109503e-01   9.0410370e+00   7.3726641e+00  -3.8109503e-01   8.3509437e+00
   8.4101788e+00   9.6065957e-01   1.3260159e+01   7.1971760e+00   9.6065957e-01   1.3260159e+01
   8.0192792e+00   1.3437052e+01   1.1546919e-01   8.0192792e+00   1.2840526e+01   1.1546919e-01
   3.0704714e-02  -7.1249908e-01   1.0072353e+01   3.0704714e-02  -7.1249908e-01   8.7976882e+00
   4.7022240e+00   2.1517597e-01   1.3582802e+01   4.7022240e+00   2.1517597e-01   1.2793491e+01
  -1.9145503e+00  -7.0284201e-01   7.6966079e+00  -1.9145503e+00  -8.3418005e+00   7.6966079e+00
   5.5768666e+00   3.5526580e+00   1.3980427e+01   4.2905924e+00   3.5526580e+00   1.3980427e+01
