   1.0717037e+01   4.8269129e+00  -6.0568407e+00
   1.0567529e+01  -5.1060596e+00  -5.6488554e+00
   1.0676053e+01   3.4154074e+00  -5.9405219e+00
   1.0615709e+01  -5.6705409e+00  -5.3825343e+00
   1.0702758e+01  -3.5851456e-01  -5.6763399e+00
   1.0647570e+01  -6.9520857e-01  -5.1028708e+00
   1.0617351e+01   4.0520731e+00  -5.3174931e+00
   1.0632867e+01   3.0470762e+00  -5.3757515e+00
   8.6939870e+00  -3.1655060e-02   1.0439845e+01
   5.6068056e+00   7.9651666e+00  -1.1828324e-01
   1.0594044e+01  -5.2652273e+00  -5.2964220e+00
   1.0715465e+01  -4.7752045e-01  -5.2136392e+00
   8.4441669e+00   1.1983069e+01   3.8737032e-02
   5.2581183e+00   7.9778645e+00  -1.3090480e-01
   5.0870059e+00  -3.2438050e-01   3.9930799e+00
   1.0322041e+01  -6.1443235e+00   7.4793467e-01
   2.7910521e+00   7.5765658e+00  -9.8539222e-02
   2.7149227e+00   7.5877168e+00  -7.8587032e-02
   5.0502470e+00   8.0090769e+00  -9.6221159e-02
   5.3359118e+00   1.0805871e+01  -8.9997226e-02
   2.5281597e+00   1.1856177e+01  -1.0752863e-01
   5.7171744e-01   1.1603032e+01  -2.3930310e-01
   5.0636827e+00   1.0805231e+01  -1.0201794e-01
   3.4200489e-01   1.1719882e+01  -1.8344411e-01
   8.9594033e+00   1.2796421e+01  -4.1800742e-03
   5.0755588e-01   1.0786443e+01  -1.3117901e-01
   2.9352987e+00   1.3316730e+01   5.5031006e-01
   2.5986950e+00  -2.7385411e-01   3.9141142e+00
   5.2020875e+00  -5.4158800e-01   6.8503927e+00
   1.0303573e+01  -6.0834876e+00   3.1314559e-01
   2.8263831e+00  -3.8232681e-01   3.8906577e+00
   5.0940848e+00   6.1918032e-01  -7.8990555e-02
   2.5500425e+00  -2.3931658e-01   9.5410739e+00
  -5.1537579e-01  -1.2250451e-01   1.2564786e+01
   2.7822884e+00  -2.6059360e-01   9.5328730e+00
   3.0314198e+00  -2.1919622e-01   9.5764734e+00
   1.0292606e+01  -6.0601017e+00  -1.3289394e-01
   5.5377909e+00  -2.2735841e-01   7.2038686e+00
   2.6602037e+00   1.3270203e+01  -9.2960263e-02
   1.4201734e-01   1.1736040e+01  -1.4927579e-01
   2.6014906e+00  -4.3646608e-01   6.8625008e+00
   3.0448780e+00  -5.0285876e-01   1.3888636e+00
   6.2450962e+00   5.6386918e+00   1.1507282e-01
   5.1015945e+00  -4.2513967e-01   9.5175489e-01
   5.5864069e+00   4.4235147e+00  -7.1269846e-02
   5.3494882e+00   1.1233189e+01  -1.5281381e-01
   6.0552778e+00   1.5030819e+00   1.5642426e-02
   1.0912437e+01   4.2166943e+00  -5.6912326e+00
   3.4985368e+00   5.9147577e+00   9.9548570e-03
   3.0659678e+00  -3.4465009e-01   6.8902347e+00
   2.9098082e+00   1.4147978e+00   4.0945337e-02
  -5.5197290e-01  -2.5312624e-01   1.1574029e+01
   6.9223676e-01  -3.7739659e-01   7.3573454e+00
   6.0714456e+00   1.2083913e+01   2.5739363e-02
   3.4173232e+00   4.8292419e+00   4.0090526e-02
   3.3692727e+00   1.0913517e+01  -9.0451276e-02
   4.0045733e+00   2.7980447e-01   1.3343090e+01
   6.0413195e+00   8.4442215e+00   9.3166513e-02
   6.0018688e+00   3.6130847e+00   1.7278350e-01
   9.3261007e-01  -1.0517451e-01   5.1136300e+00
   2.7352963e-01   1.1071878e+00  -1.7974082e-01
   2.2983933e-01  -5.0572838e-01   9.4224161e-01
   5.9494148e+00  -4.3460972e-01  -1.5585710e+00
   5.0827835e+00   3.8523121e+00  -1.7375451e-01
   8.3168912e+00  -6.0299146e-03   1.2344094e+01
   7.2049433e+00   3.0247526e+00   1.5387259e-01
   2.5125094e+00   4.2109265e+00  -4.5105019e-02
   7.0849234e+00   1.0160705e-01   1.0804838e+01
   6.0879879e-01  -4.6112541e-01   9.8658540e-01
   3.2483154e-01  -3.4188141e-01   6.9071501e+00
   6.5779977e+00   1.5357646e-01   1.0805513e+01
   5.5651850e+00  -1.5619021e-01   5.2270369e+00
   7.0627448e+00   1.7146100e-01   1.3441967e+01
   3.3716387e+00  -2.5745999e-01   1.8465071e+00
   6.0127880e+00  -6.9507018e-02   1.0460424e+01
   6.0443630e+00   3.1697847e-01   1.7211706e-01
   8.1591180e+00   1.3916510e+01   2.3990102e-02
   9.4089562e-01   1.5651282e+00   3.1491157e-02
   7.7835887e+00   1.2074004e+01   8.3318870e-02
   6.0549651e+00  -1.3039182e-01   9.0535336e+00
   1.0870528e+00  -2.1718383e-01   7.1746016e+00
   6.8621222e+00  -6.7204183e-02   1.0409575e+01
   2.8834433e+00   1.1067073e+01  -2.5657220e-01
   6.1391485e+00   1.1195475e+01  -1.2901741e-01
  -5.9178268e-01   7.4852247e+00  -1.1508408e-01
   2.9587261e+00   1.0884738e+01  -1.0263513e-01
   7.4128167e+00   1.6698686e-01   1.3419274e+01
   2.0634975e+00   5.9527884e+00   8.8177734e-02
   2.9113935e-01  -2.1664945e-01   7.1508015e+00
   6.6781465e-01   1.4027547e+00  -8.1766398e-03
   3.4152317e+00  -2.4801928e-01   4.1497012e+00
   1.9950214e+00  -1.6533408e-01   5.2366893e+00
   2.4162155e+00   8.4499769e+00   2.5179890e-02
   5.8202169e+00   1.3769096e+00   6.0387633e-02
   8.5634702e+00  -6.3330228e-02   1.2043434e+01
   3.4298513e+00   1.0341089e+01   2.7440648e-02
   3.4337406e+00   6.9021529e-02   1.0530481e+01
  -5.8701965e-01  -4.9008994e-01   3.2772201e+00
   1.3580279e+00  -1.2982372e-01   5.1126441e+00
   4.5755998e-01  -3.7566800e-01   7.3441403e+00
   2.6761618e+00   1.5688598e-01   1.3420163e+01
   3.3357620e+00   1.0739657e+00  -9.0243900e-02
   3.6951488e+00   3.0682788e-01   1.3050162e-01
   7.2192370e+00   4.1179965e+00   1.0874924e-01
  -2.7728797e-01  -1.1437385e-01   5.2208578e+00
   2.1241371e+00   2.1670235e-01   1.0583032e+01
   8.3072082e+00  -2.5271181e-02   1.1887915e+01
   6.8550738e+00   6.3710491e+00   1.2555951e-01
   6.0695521e+00   4.2423135e+00   2.3624516e-02
  -5.3283629e-01   7.1762111e+00   5.4485475e-02
   6.5514867e-01  -3.9313354e-01   1.6409139e+00
   4.5549736e+00  -1.1890329e-01   5.2697912e+00
   8.8512973e-01  -2.4482524e-01   7.1164634e+00
   3.6714842e+00   8.3366744e+00   7.1213175e-02
   6.4141327e+00  -1.5743231e-02   1.1880311e+01
   3.5913621e+00   2.1400000e-02   1.1858505e+01
   7.1065522e+00  -6.9877839e-02   9.0237030e+00
   2.0873139e+00   2.7508035e-01   1.3176026e+01
   4.6191745e+00   1.0478095e-02   1.0764337e-01
   2.5247954e+00  -2.2684884e-01   6.7199924e+00
   7.7758375e+00   1.1493706e+01   6.8707345e-02
   6.8518959e+00  -2.0961668e-01   5.3274667e+00
   1.1383190e+00   1.1864417e-01   1.1048918e-01
   3.3969337e+00   1.6558910e+00   1.3347115e-01
   6.8673393e+00   8.2818036e-02   1.1499260e-01
   4.5347541e+00   2.3954857e-01   1.0582228e+01
   5.1257197e+00   3.0103995e-02   1.2418623e+01
   3.9010365e+00  -3.8039346e-02   1.2991414e+01
   2.7760303e+00  -1.8022333e-01   1.0110974e+01
   8.6380970e+00   7.8216311e-02   1.0954677e+01
   7.2070275e+00   7.1837343e-01   1.0982457e-01
   8.4591693e-02  -7.4143312e-02   1.0236213e+01
   1.3603503e+00   1.8085355e-01   1.0907732e+01
   3.3760883e+00  -1.8553856e-01   1.0092135e+01
   3.5539734e+00  -4.0906777e-03   1.2386086e+01
   3.6795359e+00   1.6255138e+00   1.6217097e-01
   7.9572302e+00  -5.1593605e-02   1.1798483e+01
   6.1242190e+00   1.0795018e+01  -4.1915804e-02
   6.3566634e+00   2.0955869e-03   1.2344627e+01
   7.5921488e+00   1.2195491e-01   1.3592657e+01
  -6.3732286e-01   2.6914040e-01   1.1143554e+01
   6.1595802e+00  -2.9503418e-01   1.6710723e+00
   3.0081060e+00  -1.8006015e-01   1.0111391e+01
   3.4931178e+00  -4.1497074e-01   1.1607239e+00
   2.5499892e+00   6.4589127e-01  -6.8974004e-02
   6.8451234e+00  -1.7775577e-01   2.1457164e+00
   2.2878959e+00  -2.3534320e-01   2.9556432e+00
   3.6103464e+00  -5.7823817e-02   9.0416711e+00
   4.8470948e+00  -1.2589935e-01   9.1374222e+00
   3.0319383e+00  -2.2281677e-01   5.2609844e+00
   1.3096346e+00  -2.4486456e-02   9.1916893e+00
   5.2256055e+00   1.5403626e-01   1.0916141e+01
   7.1967052e+00  -1.7366962e-01   3.6789132e+00
   2.0238160e+00   4.0165233e-02   3.4909557e-02
   7.6473116e+00   1.3688881e+01  -6.6065565e-02
   5.1968521e+00   5.8773154e+00   1.4957316e-02
   3.3325831e+00   7.1722368e+00   8.8717823e-02
   1.8187569e+00   5.9395144e+00  -6.1871345e-03
   1.1143742e+00   1.2157765e+01  -1.1424096e-01
   2.5213891e+00  -1.7615333e-01   1.0117425e+01
   7.1686146e+00  -1.6905321e-01   7.5444111e+00
   1.8519587e+00  -4.4338374e-02   5.1905586e+00
   6.8408778e+00  -1.8159033e-01   7.0338279e+00
  -3.0087848e-01   5.7722177e+00   1.0516462e-01
   9.6083725e-01   3.7270148e+00   8.2388102e-02
   3.4387727e+00  -2.1395660e-01   2.2958649e-01
   4.6490528e+00   1.1573260e+01   2.0212416e-03
   9.4567808e-01  -1.6592351e-01   2.4270153e+00
   3.7181345e+00  -2.1761164e-02   7.9076716e+00
   7.1848232e+00  -1.4368284e-01   6.8671434e+00
   2.7377156e+00   1.3397862e-01   1.3203610e+01
   6.8550531e+00  -2.2356919e-01   3.1771625e+00
   7.1897720e+00  -2.4277731e-01   2.1813653e+00
   7.1892847e+00  -1.4034938e-01   5.8198622e+00
   7.6364097e+00   1.0571385e-01   1.2259279e+01
   6.9448009e+00   1.4030800e+01   3.7038180e-02
   3.0018433e+00  -2.7878920e-02   5.2067982e+00
   2.5260422e+00   2.5673218e-02   1.1154657e+01
   6.4981566e+00  -2.8813569e-02   1.2609566e+01
   2.4306061e+00  -1.0001959e-01   5.1171903e+00
   6.8567052e+00  -1.9593628e-01   4.2842049e+00
   6.8494796e+00  -2.1569951e-01   2.6880655e+00
   3.4872569e+00  -2.2073072e-01   6.7840496e+00
   7.2034374e+00   8.1003503e-02   1.9182366e-01
   5.0784387e+00  -3.7208140e-02   1.2699853e+01
   7.1535234e+00  -1.1269153e-01   8.6224354e+00
   2.1917736e+00  -4.4107322e-02   1.1159350e+01
   7.1976599e+00  -1.6063448e-01   2.6370972e+00
   3.5115641e+00  -2.2781813e-01   9.0639140e-01
   3.8086466e+00  -1.5228753e-01   4.3617311e+00
   7.2953173e+00  -2.4477562e-03   1.1795545e+01
   4.9722626e+00  -1.5768944e-01   4.4058517e+00
   4.7701297e+00  -1.9091888e-01   9.3276602e+00
   7.1207365e+00  -7.2658951e-02   9.7211022e+00
   7.1829275e+00  -1.2817223e-01   7.9346349e+00
   7.2180338e+00   5.7085979e+00   1.3306911e-01
   1.9316282e-01  -2.8010170e-01   9.3671446e+00
   4.6689362e+00  -1.3380729e-01   3.3055608e+00
   6.8418897e+00  -2.2769056e-01   5.4595585e-01
   6.7730607e+00  -1.8059331e-01   9.4215159e+00
   6.8235052e+00  -1.5353881e-01   9.0480645e+00
   1.1124892e-02  -1.6741279e-01   5.1131058e+00
   1.9118420e+00  -1.4283462e-01   6.9651756e+00
   5.1184506e+00  -9.4496403e-02   1.1130022e+01
   6.1842444e+00  -2.1873315e-01   6.8775433e+00
   1.7687153e+00   5.7282735e+00   7.7031486e-02
   4.0249451e+00  -1.1075390e-01   5.1616430e+00
   7.1928315e+00  -1.8321119e-01   6.4491430e+00
   4.9848602e+00   1.2202181e+01  -5.7307959e-03
   7.1569513e+00   1.2992387e+01  -7.9667695e-02
   2.2456468e+00  -1.5500840e-01   7.8235794e+00
   1.0793174e+00  -1.0236109e-01   9.7128878e+00
   2.0533953e+00   1.1077828e+01  -4.3423843e-02
   2.1438527e+00   2.6653559e-01   1.3428645e+01
   7.3509661e+00   5.8171868e+00   8.0637745e-02
   3.8130026e+00  -1.0540968e-01   1.0099427e+01
   6.7804453e+00  -1.5059872e-01   6.2456515e+00
   5.2085543e+00  -2.5583435e-01   5.0761729e+00
   3.6876969e+00  -4.1090866e-02   1.2032357e+01
   4.7493444e+00  -1.1487217e-01   9.6932231e+00
   1.8467576e-16  -1.4270399e-16  -1.0454785e-16
   3.8845069e+00  -2.1753286e-01   3.8505616e+00
   5.9968269e+00   9.6691354e+00   8.3040257e-02
   1.4529837e+00  -9.7161081e-02   9.6391743e+00
   1.9191158e+00   3.9822807e-01   1.3015179e+01
   2.2965843e+00  -1.2747970e-01   4.2190546e+00
   5.0857044e+00  -4.4917987e-02   1.1370207e+01
   4.7481731e+00  -2.5461080e-01   2.9780802e+00
  -6.4679255e-01   5.6031959e+00   3.0659915e-01
   4.4829776e+00  -1.0348613e-01   7.0508196e+00
   6.8002601e+00  -4.3081206e-02   8.4329982e+00
   3.6767156e+00   1.2116707e-01   1.3258179e+01
   2.8883510e+00   1.3420254e+01  -1.4690992e-01
   3.3094840e+00   1.3434614e+01  -9.6234521e-02
   7.0440969e+00  -1.3798141e-01   1.2615439e+01
   1.2867913e+00  -9.5904354e-02   1.2208396e+01
   6.1378199e+00   9.1208774e+00   1.0480572e-01
   5.1402565e+00   5.7954421e+00   1.9379095e-01
   1.9737760e+00   4.7398221e-02   1.2563130e+01
   3.7219825e+00  -8.0965040e-02   1.2233684e+01
  -1.3069503e-01   8.4689389e+00  -2.5899003e-02
   4.6725544e-01  -2.0132079e-01   5.3435359e+00
   2.6691022e+00  -1.4681624e-01   5.1079502e+00
   8.1748314e+00   1.3255751e+01  -4.0266332e-02
   2.9643597e+00  -2.0377893e-01   2.9816896e+00
  -3.2947741e-02   8.6277202e+00  -1.5993283e-02
   2.1514847e+00   1.1672235e+01   1.4191857e-02
   7.5456439e+00  -1.8006120e-01   1.1463314e+01
   9.1495458e+00  -2.9820966e+00   7.0880173e+00
   9.5280296e+00   9.0637985e+00  -4.1551195e+00
   9.1165301e+00  -3.1960119e+00  -1.0879076e-01
   5.1584227e+00   2.4901178e-02   1.1550808e+01
   2.3662775e+00  -2.6466582e-01   4.0181678e-01
   1.2667415e+00  -1.6478335e-02   1.2007076e+01
  -3.1997963e-01   1.1826465e+01   5.0966970e-02
   2.5218622e-01  -1.6612393e-01   5.3218675e+00
   3.6172324e+00  -1.3324566e-01   8.3368750e+00
   2.3757389e+00   6.0224173e+00   6.6563247e-02
   1.1780232e+00  -4.7195608e-01   4.4438922e+00
   3.2419109e+00   2.2992663e+00   6.7444979e-03
   2.1060678e+00  -2.6885633e-01   9.1442397e-01
   9.1044805e+00  -2.9904475e+00   7.8952450e-01
   6.8196775e+00   1.3812174e+01   3.8878146e-02
  -3.6698331e-01   9.3345627e+00   1.0719804e-01
   7.2149198e-01   9.8355579e+00   3.8233234e-02
   6.1486593e-02   9.2373313e+00   5.0904924e-02
   1.7737672e-01   8.2711453e+00   1.9724177e-02
   6.4183390e+00   1.0620559e+01   9.6657858e-02
   9.3866126e+00   8.3268433e+00  -3.7038513e+00
   9.1309160e+00  -3.0437039e+00   3.5431231e+00
   6.2081780e+00   1.3301347e+01   3.3801302e-02
   1.4067805e+00   4.9353979e+00   3.7802097e-02
   6.5327540e+00   1.1243794e+01   8.5901196e-02
   6.6008629e+00   1.1304471e+01   1.6576108e-01
   7.1757616e+00   1.1795726e+01   1.3921857e-01
   6.6826995e+00   1.1785131e+01   4.2656872e-02
   5.1476174e+00   1.1499514e+01  -4.3740527e-01
   3.4208961e-01   1.1172368e+01  -1.6547752e-01
   3.4745785e-01   1.0655509e+01  -1.9381997e-01
   7.4046109e-01   1.1668086e+01  -1.7792698e-01
   1.3074133e+00  -1.4377919e-01   6.1495482e+00
   1.2140667e+00   5.4717044e+00   1.1384997e-01
   2.5302479e+00   1.0600315e+01  -2.3245516e-01
   1.1760690e+00  -2.2702398e-01   1.9190618e+00
   1.0186563e+00   5.7622769e+00   7.0726878e-02
   6.0647142e+00  -1.6969560e-01   4.3843531e+00
   6.2691551e+00   8.3382087e+00   1.7956403e-01
   6.1714650e+00  -2.1419883e-01   2.8735796e+00
   4.5494006e+00   5.8102422e+00   3.4836392e-02
   8.0083364e-01   4.0473857e+00  -9.4310561e-02
   7.2062278e+00   3.4431123e+00   1.6394925e-01
   3.8823206e+00  -4.4704472e-02   1.2579342e+01
   6.1986136e+00  -4.3078347e-02   8.0297841e+00
   6.2057771e-01   4.6976999e-01   1.0067326e+01
   5.4138824e+00   8.4290162e+00   4.6636987e-02
  -2.7059092e-01   8.1789805e+00  -8.5622235e-04
   8.6101185e+00  -1.4279603e-01   1.1377681e+01
   3.8210140e+00  -1.1380710e-01   9.4721632e+00
  -4.4151912e-01   1.3428699e+01  -3.0516927e-03
   1.1537414e+00   2.9454562e+00   5.5689869e-02
   9.0455348e+00   3.7262048e-02  -2.6020443e+00
   1.1724295e+00   6.7361885e-02   3.1003324e+00
   5.9225274e+00   1.2699237e+01   2.9276281e-02
   3.2952691e+00   5.6741137e+00   4.7942601e-02
   3.3183323e+00   6.0047141e+00   3.8351440e-02
   6.2081889e+00   5.9012681e+00   1.1729893e-01
   6.3132330e+00   1.2077121e+01   1.1371069e-01
   3.1025702e+00   5.8213165e+00   1.7293283e-02
   6.0746662e+00   1.2226423e+01   4.5671949e-02
   3.6866670e+00   1.0371086e+01   5.7996049e-02
   6.0304429e+00   5.3787175e+00   8.0810361e-02
   6.0576825e+00   1.0173893e+01   8.1426871e-02
   6.3059999e+00   1.0281774e+01   9.9589305e-02
   7.2131926e+00   1.0919801e+01   9.0846786e-02
  -5.8187235e-01   2.6018961e-01   1.0487908e+01
   3.4271451e+00   1.1695834e+01  -2.8326856e-01
   6.7831176e+00   6.6597590e-02   1.2503336e+01
   9.4291862e-01  -1.8222850e-01   5.3543060e+00
   6.8633771e+00   1.0275454e+01   7.4389098e-02
   3.4270686e+00   1.1210319e+01  -2.0232351e-01
   3.6773130e+00   7.0982559e+00   8.7084176e-02
   6.4593713e+00   9.5546649e-02   1.0943439e+01
   6.8633418e+00   1.0880089e+01   7.5458725e-02
   6.8519853e+00   8.0282592e+00   1.1384725e-01
   2.2930425e+00   1.3261165e+01  -6.0045471e-02
   6.0571458e+00   8.2991184e+00   5.5144387e-02
   1.1502091e+00  -1.3221114e-01   5.1302022e+00
   6.0513239e+00   7.0231388e+00   1.2752015e-01
   3.6788106e+00   3.6674069e+00   9.0146080e-02
   6.8674336e+00   1.2222103e+00   1.1015308e-01
   7.2116187e+00   6.4166756e+00   1.3265685e-01
   1.9374526e+00   3.6820867e-01   1.1239772e+01
   6.8800719e+00   4.6021961e+00   9.4210612e-02
   5.5478861e+00   5.8377150e+00   6.5790721e-02
   2.6669702e+00   1.2210904e-01   1.0810829e+01
   6.4688993e+00   6.8667619e-02   1.3444232e+01
   3.7128727e+00  -9.4052097e-02   6.1787017e+00
   8.8111793e-01   5.9479880e+00   2.9183798e-02
   1.2340968e+00   3.7281688e+00   7.6746000e-02
   6.2815788e+00   7.0517054e+00   1.7300630e-01
   6.9388285e+00   1.2685527e+01   5.0689363e-02
   7.2186643e+00   9.7887267e+00   1.0054233e-01
   2.4920218e+00   1.4204215e+00   5.6738925e-02
   6.8603262e+00   6.8872241e+00   1.2235543e-01
   6.8581775e+00   4.0882293e+00   1.2807343e-01
   3.1765269e+00  -1.4926853e-01   5.2938826e+00
  -5.5026107e-02   1.4065408e-01   1.0810510e+01
   1.1980592e+00   1.0360941e+01   5.6352102e-02
   5.4949540e+00   1.3136519e+01  -4.2031451e-02
   6.8581726e+00   7.4912791e+00   1.1867004e-01
   6.8710004e+00   2.3381865e+00   1.0038437e-01
   3.7342027e+00  -5.1201919e-02   9.1180718e+00
   6.0697137e+00  -1.9261602e-01   6.0961771e+00
   6.1158106e+00   1.1781844e+01  -5.3665509e-02
   6.0701934e+00  -2.1514832e-01   2.0353558e+00
   6.7998290e+00  -8.1004536e-02   1.0131563e+01
   7.2110326e+00   1.8774651e+00   1.2741653e-01
   7.4177846e+00   1.5757706e-01   1.0791644e+01
   6.0048638e+00  -2.2599716e-01   1.8759481e+00
   6.8623393e+00   9.1644753e+00   1.1178398e-01
   7.2097431e+00   5.2653299e+00   1.3463563e-01
   3.3620163e+00  -1.7287716e-01   5.3724028e+00
   1.9543895e+00   3.7527903e-01   1.3125694e+01
   1.2479292e+00   1.6222377e+00   1.3945742e-01
   1.0484839e+00   5.8859262e+00  -8.7884446e-05
   6.8470558e+00   6.9964838e-01   1.4160118e-01
   6.8711257e+00   3.4839061e+00   1.1061700e-01
   6.8692546e+00   5.7519369e+00   1.0631233e-01
   6.2866138e+00   3.5949637e+00   1.4940615e-01
   7.2062002e+00   7.5394296e+00   1.2654285e-01
   3.3805344e+00   3.6701814e+00   1.0349328e-01
   6.0634668e+00  -2.3560186e-01   2.9483262e+00
   5.4679185e+00   1.3264374e+01  -2.6362029e-02
   6.8602516e+00   8.6186049e+00   1.0626268e-01
   6.8599773e+00   2.9483880e+00   1.3376600e-01
   3.7131108e+00  -1.5309769e-01   2.9993214e+00
   3.5860125e+00   6.4420373e-02   6.6326896e-02
   2.1656826e+00   1.2070827e+01  -2.9678849e-02
   4.6471576e+00   3.3898609e-02   1.1639853e+01
   6.3068076e+00  -1.6663361e-01   6.1767099e+00
   5.2588982e+00   5.2326361e-02   1.0718671e+01
   6.8627802e+00  -1.5973318e-01   6.4309390e+00
   3.6453502e+00   5.4018660e+00   1.2559121e-01
   2.6903644e+00   1.1049828e-02   1.2357808e+01
   3.9442477e+00  -2.3233363e-02   1.2860542e+01
   7.2079578e+00   8.6727675e+00   1.3649061e-01
   6.8771902e+00   9.7474896e+00   9.7796882e-02
   2.9868137e+00  -1.7109673e-02   1.1827647e+01
   5.8332096e+00  -1.4622385e-01   5.3076286e+00
   7.0851358e+00  -1.2900340e-02   1.2384099e+01
   7.2164985e+00   4.5585948e+00   1.5707294e-01
   1.6188119e+00  -1.2936763e-01   5.1329807e+00
   6.8591832e+00   1.8088071e+00   1.1908505e-01
   3.6880733e+00   1.2089604e+01   2.7384314e-02
   6.8425494e+00  -1.4686457e-01   7.4976813e+00
   6.2750788e+00   1.5992818e+00   1.7826456e-01
   3.3826134e+00   5.8897522e-01  -9.6061572e-02
   7.9974003e+00  -3.4763409e-02   1.2448358e+01
   6.8628454e+00   5.2242967e+00   1.2799826e-01
   4.6566685e+00   7.5228052e-03   1.2603448e+01
   4.3331322e+00   5.8094674e+00   2.9881587e-02
   1.3247154e+00  -5.4144202e-02   7.8531510e+00
   7.5657502e+00   1.2242785e-01   1.0952914e+01
   3.3325114e+00   8.8829201e+00   1.0540705e-02
   2.9851885e+00   1.9707151e-02   1.2423198e+01
   9.3254648e-01  -2.2444373e-02   1.1535196e+01
   7.2470637e+00   1.1464657e+01   6.7393686e-02
   2.2176539e+00  -4.1602869e-02   1.0156782e+01
   7.1804452e+00  -2.4459682e-01   1.1587886e-01
   3.7427473e+00   8.4040899e-04   1.0381225e+01
   1.2078212e+00   1.2113513e+01  -1.1704980e-02
   7.2081859e+00   2.2975210e+00   1.5585112e-01
   3.7378700e+00  -2.0689044e-01   2.3221968e-01
   4.9336923e+00   5.9115595e+00   4.4922547e-02
   7.2077314e+00   6.8386524e+00   1.5218844e-01
   8.7354121e-01  -2.8048911e-01   4.0097406e+00
   6.7996722e+00  -1.2154108e-01   9.6131105e+00
   7.2039921e+00  -1.9578629e-01   4.4531033e-01
   4.0249624e+00  -1.4277662e-01   5.3004138e+00
   1.8882194e-01  -2.5080146e-01   9.7311158e+00
   1.0230172e+00  -7.4779460e-02   9.1557565e+00
   6.8777409e+00  -2.4581904e-01   1.5828365e+00
   5.1346722e+00   7.8247094e-03   1.1862923e+01
   6.2226929e+00   9.8864585e+00   7.4806596e-02
   3.7150762e+00  -9.0678076e-02   4.2481485e+00
  -6.0425130e-01   9.9362431e+00   8.0947332e-02
   9.4923281e-01  -7.7561610e-02   8.2362688e+00
   7.2202909e+00   1.0245952e+01   1.3815958e-01
   1.3446062e+00   1.1617131e+01  -2.5073731e-02
   4.6888933e+00   1.0347365e+01   1.3473050e-02
   7.4178485e+00   4.5900922e-02   1.1835677e+01
   4.6424473e+00   5.2327451e+00   5.8815247e-02
  -6.1612078e-01  -2.1918629e-02   9.3982932e+00
   7.4275124e+00   1.8588633e-02   1.2422614e+01
   1.4444969e+00  -1.2136093e-01   7.0604572e+00
   6.8501424e+00  -1.6580114e-01   4.8933408e+00
   3.1691535e+00  -2.6369951e-02   1.1936379e+01
   4.7295473e+00  -1.1248206e-01   9.9216587e+00
   3.3441936e+00   9.7440636e+00   6.8284212e-03
   2.6810009e+00  -1.8573193e-01   5.3149019e+00
   7.2184196e+00   7.9837054e+00   1.3767250e-01
   7.1949443e+00  -1.8523670e-01   4.3484678e+00
   3.9526419e+00  -5.8841472e-02   1.1457404e+01
  -5.4732467e-01   2.2658747e-01   1.0775760e+01
   1.0904079e+00   8.8136923e+00   1.9916689e-02
   6.2099197e+00   9.5466232e+00   7.0475111e-02
   1.2956320e+00  -1.0919904e-01   8.3356056e+00
   3.8359575e+00  -2.9551901e-02   1.1598950e+01
   6.2344364e+00   8.7617601e+00   7.4864326e-02
   3.2809860e+00   9.3228852e+00   4.3580271e-02
   3.8132202e+00   7.9358793e+00   1.8429637e-02
  -6.6408816e-01   9.5633491e+00   1.0742900e-01
   6.4313444e+00  -9.5725303e-02   9.8543081e+00
   6.2480109e+00   1.3566870e+01  -2.6122219e-03
   1.1264655e+00   7.5668264e+00   2.1132946e-03
   1.0675640e+00   8.0892520e+00   2.7086228e-02
   1.2391502e+00  -1.0084236e-01   8.4691657e+00
   3.3345715e+00   1.3569038e+01  -8.3555603e-02
  -4.1313559e-01   1.1307623e+01   7.0993830e-02
  -3.6544524e-01   1.1139291e+01   3.3966120e-02
   6.2278242e+00   1.3887657e+01  -2.3750461e-02
   6.1730148e+00   2.3186625e+00   9.1378233e-02
   3.2717213e+00   2.9430770e+00   9.4183445e-02
   2.9025934e+00  -1.3767793e-01   6.1253282e+00
   1.1001746e+00   6.9563127e+00   5.1554279e-02
   5.2041741e+00  -2.0907929e-01   5.3311162e+00
   3.8454602e+00   1.1667198e+01  -7.3013803e-02
   4.8375694e+00   6.3762299e+00   5.6910139e-02
  -4.7260503e-01   1.0485794e+01   6.2212902e-02
   1.0944589e+00   7.8094607e+00  -5.3545429e-02
  -3.9111915e-01   1.1536565e+01   4.9841522e-02
   6.1513367e+00  -1.6096108e-01   8.4883269e+00
   3.2289288e+00   2.6061134e+00   3.3864867e-02
   3.5227331e+00   1.2598711e+01   3.9546812e-02
   6.8289511e+00   1.3381722e+01   4.2710525e-02
