  -5.7298430e+00  -8.1576613e+00   6.9930550e+00  -3.3173135e+00  -8.1576613e+00   6.9930550e+00
  -7.5256326e+00  -6.4830074e-01   6.2317285e+00  -7.5256326e+00  -6.4830074e-01  -1.0472276e+01
  -5.7090612e+00  -9.8770004e-01   6.9786461e+00  -3.4239360e+00  -9.8770004e-01   6.9786461e+00
  -1.9924440e+00  -4.6965037e-01   6.3169582e+00  -1.9924440e+00  -4.6965037e-01  -1.0419114e+01
  -2.0016030e+00  -3.5215580e-01  -5.8412787e+00  -2.0016030e+00  -3.5215580e-01  -1.0291730e+01
  -5.5539725e-01  -1.0733425e+01   6.5779737e+00  -5.5088912e+00  -1.0733425e+01   6.5779737e+00
  -8.2825586e+00  -4.3324026e-01  -6.4286280e+00  -8.2825586e+00  -4.3324026e-01  -5.8828290e+00
  -5.7650284e+00  -4.6313848e+00   6.9920602e+00  -3.3966652e+00  -4.6313848e+00   6.9920602e+00
  -2.7586103e-01  -5.8853816e+00   6.3964241e+00  -2.7586103e-01  -1.0619465e+01   6.3964241e+00
  -5.6585175e+00  -1.1580028e+01   7.0244771e+00  -3.3516018e+00  -1.1580028e+01   7.0244771e+00
  -8.3018168e+00  -4.2893298e-01  -7.5849549e+00  -8.3018168e+00  -4.2893298e-01  -6.9717212e+00
  -4.7100276e+00  -4.7371450e-01   6.3942103e+00  -4.7100276e+00  -4.7371450e-01  -1.0628572e+01
  -8.2784869e+00  -4.9538378e-01  -4.3117123e+00  -8.2784869e+00  -4.9538378e-01  -3.7531343e+00
  -2.0098547e+00  -2.4904845e-01   6.6403770e+00  -2.0098547e+00  -2.4904845e-01  -3.7662341e+00
  -5.7889933e+00  -1.0734448e+01   6.5240331e+00  -6.8375384e+00  -1.0734448e+01   6.5240331e+00
  -5.5400060e+00  -1.0607960e+01   6.5498577e+00   2.7179696e-01  -1.0607960e+01   6.5498577e+00
  -5.5443180e+00  -1.0600302e+01   6.5708956e+00  -6.0603366e-01  -1.0600302e+01   6.5708956e+00
  -1.2518646e+01  -3.3177123e-01   1.0850135e+01  -1.2518646e+01   3.0051701e+00   1.0850135e+01
  -5.7608920e+00  -8.7536944e+00   6.9879165e+00  -3.3480060e+00  -8.7536944e+00   6.9879165e+00
  -6.6695558e+00  -3.0823536e+00   6.4848938e+00  -5.9329188e+00  -3.0823536e+00   6.4848938e+00
  -5.6784438e+00  -5.1895036e+00   7.0302182e+00  -3.3851844e+00  -5.1895036e+00   7.0302182e+00
  -7.5287342e+00  -1.4455505e+01   6.2426819e+00  -7.5287342e+00  -6.9667831e-01   6.2426819e+00
  -3.3027457e+00  -9.2318761e+00   6.8678714e+00  -5.7263882e+00  -9.2318761e+00   6.8678714e+00
  -1.4612280e+01  -2.7920317e+00   9.7303107e+00  -1.4612280e+01  -1.4957838e+00   9.7303107e+00
  -7.1769137e+00  -3.8648970e-01   2.1248108e+00  -7.1769137e+00  -3.8648970e-01   6.3964718e+00
  -3.2974173e+00  -8.6399660e+00   6.8650554e+00  -5.7303954e+00  -8.6399660e+00   6.8650554e+00
  -4.5367063e+00  -3.2805765e-01  -7.0565073e+00  -4.5367063e+00  -3.2805765e-01  -8.6068709e+00
  -4.6133840e+00  -3.0078025e-01  -1.0432395e+01  -4.6133840e+00  -3.0078025e-01  -5.6899961e+00
  -5.6899154e+00  -1.5827391e+00   6.9648124e+00  -3.3918836e+00  -1.5827391e+00   6.9648124e+00
  -3.0429387e+00  -9.9734285e+00   6.5559780e+00  -5.8057703e+00  -9.9734285e+00   6.5559780e+00
  -7.4724651e+00  -1.2599540e+01   6.2929373e+00  -7.4724651e+00  -1.4366297e+01   6.2929373e+00
  -5.6610652e+00  -7.7582656e+00   6.4153479e+00  -5.6610652e+00  -6.6441380e+00   6.4153479e+00
   4.2790038e-01  -1.7220658e-01   5.6252985e+00  -1.9783119e-01  -1.7220658e-01   5.6252985e+00
  -4.2370053e+00  -8.6026781e-02   1.0114374e+00  -3.1818318e+00  -8.6026781e-02   1.0114374e+00
  -7.1686795e+00  -3.8771152e-01  -5.5833456e+00  -7.1686795e+00  -3.8771152e-01   4.9162162e-01
  -1.6382569e+00  -4.8567274e-01   5.5862269e+00  -1.6382569e+00  -4.8567274e-01   4.0358188e+00
  -4.6072166e+00  -3.0937483e-01  -5.8371531e+00  -4.6072166e+00  -3.0937483e-01   6.4932509e+00
  -3.1940742e+00  -4.4852378e-02   1.3877524e+00  -4.1407875e+00  -4.4852378e-02   1.3877524e+00
  -7.0905688e+00  -1.0595139e+01   6.5192021e+00  -5.7893771e+00  -1.0595139e+01   6.5192021e+00
  -1.5506381e+00  -5.1603084e-02  -2.3647422e+00  -6.5639187e-01  -5.1603084e-02  -2.3647422e+00
  -3.3247253e+00  -5.1140434e+00   6.8382050e+00  -5.7587028e+00  -5.1140434e+00   6.8382050e+00
   1.6261899e-01  -2.4208328e-01  -5.3495952e+00   1.6261899e-01  -2.4208328e-01   1.3550426e+00
  -7.1064282e+00  -3.8413400e-01  -6.9944508e+00  -7.1064282e+00  -3.8413400e-01  -8.5493635e+00
  -9.9044084e-02  -4.9264964e+00   6.3181676e+00  -9.9044084e-02  -1.0691511e+01   6.3181676e+00
  -5.6176161e+00  -1.2155886e+01   7.0787295e+00  -3.3394634e+00  -1.2155886e+01   7.0787295e+00
  -5.5743684e+00  -6.5546550e+00   6.5428472e+00  -5.5743684e+00  -7.7437752e+00   6.5428472e+00
  -3.3499614e+00  -5.7108815e+00   6.8370193e+00  -5.7403855e+00  -5.7108815e+00   6.8370193e+00
  -1.8695404e+00  -2.3407152e-01  -5.5547107e+00  -1.8695404e+00  -2.3407152e-01   6.5348183e+00
  -5.6150261e+00  -2.9475865e+00   6.5178019e+00  -5.6150261e+00  -4.2159298e+00   6.5178019e+00
  -7.2389940e+00  -1.4278289e+01   6.4760550e+00  -7.2389940e+00  -1.0737462e+01   6.4760550e+00
  -5.6396239e+00  -1.2777396e+01   7.0393367e+00  -3.3272470e+00  -1.2777396e+01   7.0393367e+00
  -9.7069437e-01  -2.8024893e+00   6.7371502e+00  -2.8303155e-01  -2.8024893e+00   6.7371502e+00
  -1.9054490e+00  -1.5255314e-01  -1.0057489e+01  -1.8695812e+00  -1.5255314e-01  -5.7496185e+00
  -3.4633632e-01  -1.0522128e+01   6.4967271e+00  -3.4633632e-01  -5.2014987e+00   6.4967271e+00
  -3.3044771e+00  -1.2665595e+01   6.9255255e+00  -5.6976437e+00  -1.2665595e+01   6.9255255e+00
  -2.5735271e-01  -1.4707918e+00   3.6480118e+00  -2.5735271e-01  -1.4707918e+00  -7.5184787e+00
  -1.2758936e+01  -2.0644073e+00   9.9378824e+00  -1.4311133e+01  -2.0644073e+00   9.9378824e+00
  -3.6118468e-01  -9.3172163e-01  -9.2680928e+00  -3.6118468e-01  -9.3172163e-01  -6.0084042e+00
  -6.0820999e-01  -5.0627707e+00   6.5465375e+00  -1.7799144e+00  -5.0627707e+00   6.5465375e+00
  -2.1458838e+00  -2.8119076e+00   6.3247152e+00  -2.1458838e+00  -4.5711670e+00   6.3247152e+00
  -7.4240146e+00  -7.5103587e+00   6.3453290e+00  -7.4240146e+00  -3.2150150e+00   6.3453290e+00
  -1.5141370e+00  -7.7499998e-02   1.9631048e+00  -6.7464779e-01  -7.7499998e-02   1.9631048e+00
  -5.6358012e+00  -9.3484646e+00   6.9816496e+00  -3.3360014e+00  -9.3484646e+00   6.9816496e+00
  -8.3040867e+00  -1.2530292e+01   6.4484175e+00  -8.3040867e+00  -1.3104047e+01   6.4484175e+00
  -6.9865425e+00  -1.1484847e-01  -7.5001664e+00  -6.1300344e+00  -1.1484847e-01  -7.5001664e+00
  -7.2914875e+00  -3.9572256e-01  -1.0626605e+01  -7.2914875e+00  -3.9572256e-01   4.4108702e+00
  -3.3218597e+00  -1.2065804e+01   6.9122320e+00  -5.6704963e+00  -1.2065804e+01   6.9122320e+00
  -7.1661044e+00  -4.0758946e-01  -1.0752294e+01  -7.1661044e+00  -4.0758946e-01  -5.7836869e+00
  -5.0910341e+00  -1.4392085e+01   6.5704674e+00  -5.0910341e+00  -1.3891963e+01   6.5704674e+00
  -7.1842512e+00  -3.8411340e+00   6.5018380e+00  -7.1842512e+00  -1.0555288e+01   6.5018380e+00
  -7.3122732e+00  -1.9600909e-01   6.4700939e+00  -7.3122732e+00  -1.4240044e+01   6.4700939e+00
  -5.6002914e+00  -1.4322362e+01   6.4285544e+00  -5.6002914e+00  -1.3621925e+01   6.4285544e+00
  -6.7120846e+00  -1.2481361e+00   6.5761540e+00  -5.9267799e+00  -7.9521402e-01   6.5761540e+00
  -4.2395085e+00  -1.1171153e-01   1.4794158e+00  -3.2012924e+00  -1.1171153e-01   1.4794158e+00
  -1.8130160e+00  -1.5243702e+00   1.3478480e+00  -1.8130160e+00   1.7478803e+00   1.3478480e+00
  -1.5597461e+00   1.0528346e-02  -7.0662833e+00  -6.4466976e-01   1.0528346e-02  -7.0662833e+00
  -8.3079030e+00  -1.3575364e+01   6.4457169e+00  -8.3079030e+00  -1.4190739e+01   6.4457169e+00
  -3.3840996e+00  -1.4708606e+00   6.8391031e+00  -5.7895362e+00  -1.4708606e+00   6.8391031e+00
  -2.0874533e+00  -2.2463935e-01  -5.5887399e+00  -4.5640653e+00  -2.2463935e-01  -5.5887399e+00
  -6.8359204e+00  -1.8883519e-01   1.9771428e+00  -5.8959675e+00  -1.8883519e-01   1.9771428e+00
  -4.3428542e+00   4.7208697e-05  -7.5037245e+00  -3.2264432e+00   4.7208697e-05  -7.5037245e+00
  -8.7285896e+00  -1.4523741e+01   6.2608395e+00  -9.3189825e+00  -1.4523741e+01   6.2608395e+00
  -7.4160888e+00  -1.4362997e+01   6.3110726e+00  -7.4160888e+00  -8.1091311e+00   6.3110726e+00
  -4.2519065e+00  -1.2395654e-01   1.9538590e+00  -3.1859945e+00  -1.2395654e-01   1.9538590e+00
  -6.0401788e+00  -1.5088089e-01   5.4695972e+00  -6.8478791e+00  -1.7845893e-01   5.4695972e+00
  -1.5538389e+00  -3.6633072e-02  -3.9138097e+00  -6.5082531e-01  -3.6633072e-02  -3.9138097e+00
  -5.7083578e+00  -4.1924003e+00   6.4436595e+00  -5.7083578e+00  -2.9590126e+00   6.4436595e+00
  -4.2490689e+00  -9.8379502e-02  -2.3520144e+00  -3.1270022e+00  -9.8379502e-02  -2.3520144e+00
  -1.9540379e-01  -1.0736718e+01   6.2577476e+00  -1.9540379e-01  -4.9424374e+00   6.2577476e+00
  -8.2653076e+00  -4.5967456e-01  -5.4331551e+00  -8.2694415e+00  -4.5967456e-01  -4.7983115e+00
  -4.5203692e+00  -3.4156053e-01   1.9251520e+00  -4.5203692e+00  -3.4156053e-01   4.5378386e-01
  -6.9279251e+00  -3.1712484e-01  -5.7408252e+00  -4.8162836e+00  -3.1712484e-01  -5.7408252e+00
  -6.8500779e+00  -1.8618113e-01  -2.2804833e+00  -6.1253454e+00  -1.8618113e-01  -2.2804833e+00
  -8.3009917e+00  -4.3995122e-01  -1.0742912e+00  -8.3009917e+00  -4.3995122e-01  -5.0850646e-01
  -1.8121000e+00  -2.7840504e-01  -7.0833745e+00  -1.8121000e+00  -2.7840504e-01  -8.6645295e+00
  -4.3830149e+00  -3.4063045e-01  -6.8991412e+00  -4.3830149e+00  -2.4286801e-01  -6.3091691e+00
  -8.3025794e+00  -1.1464184e+01   6.4480466e+00  -8.3025794e+00  -1.1997054e+01   6.4480466e+00
  -3.1790033e+00  -2.0053312e-01  -3.8607817e+00  -4.1945004e+00  -2.0053312e-01  -3.8607817e+00
  -3.2554857e+00  -1.1501482e+01   6.9864939e+00  -3.2554857e+00  -1.3182116e+01   6.9864939e+00
  -1.8052923e-01  -1.3738823e+00  -8.5366081e+00  -1.8052923e-01  -1.3738823e+00   3.6031256e+00
  -6.8127548e+00  -2.1048740e-01   5.5503563e+00  -6.0288079e+00  -2.1048740e-01   5.5503563e+00
  -6.8415446e+00  -1.3854908e-01  -7.0184196e+00  -6.1326685e+00  -1.3854908e-01  -7.0184196e+00
  -3.1606302e+00  -1.3152126e+01   6.8798491e+00  -3.1606302e+00  -1.1614079e+01   6.8798491e+00
   3.9900764e-01  -4.3947676e+00   6.4563210e+00  -9.8297240e-01  -4.3947676e+00   6.4563210e+00
  -7.1697487e+00  -1.0748580e+01   6.4613790e+00  -7.1697487e+00  -1.4322642e+01   6.4613790e+00
   5.6042631e-01  -7.4119509e+00   6.3390916e+00   5.6042631e-01  -8.9800195e+00   6.3390916e+00
  -1.6021116e+00  -2.6420827e-01   4.3530402e+00  -3.0832231e-01  -2.6420827e-01   4.3530402e+00
  -1.8008891e-01  -1.1716086e+01   6.5708841e+00  -2.0223993e-01  -1.0785173e+01   6.5708841e+00
  -7.1063237e+00  -4.0490645e-01  -3.8019515e+00  -7.1063237e+00  -3.9094124e-01  -4.3555837e+00
  -2.2192313e+00  -4.4203939e+00   6.3131539e+00  -2.2192313e+00  -2.8465083e+00   6.3131539e+00
  -1.2473525e+01  -7.2332226e+00   1.0827823e+01  -1.2473525e+01  -3.2342235e+00   1.0827823e+01
  -2.6442570e-01  -2.3982886e-01  -5.7968812e+00  -2.6442570e-01  -2.3982886e-01  -1.0034129e+01
  -4.2914510e+00  -4.8955880e-02  -7.0458237e+00  -3.2501910e+00  -4.8955880e-02  -7.0458237e+00
  -5.8953195e+00  -1.2752347e-01   1.3910515e+00  -6.8545865e+00  -1.2752347e-01   1.3910515e+00
  -1.2389210e+01   3.0208301e+00   6.4878396e+00  -1.3560665e+01   3.0208301e+00   6.4878396e+00
  -3.3766210e+00  -2.0737283e+00   6.8336553e+00  -5.7898865e+00  -2.0737283e+00   6.8336553e+00
  -1.7675036e+00  -1.5887366e-01  -6.9692703e+00  -8.0035295e-01  -1.5887366e-01  -6.9692703e+00
  -3.3416033e+00  -4.6072694e+00   6.7624665e+00  -2.9201708e+00  -9.7237238e+00   6.7624665e+00
   3.8587047e-01  -1.0262141e+01   6.3813095e+00   3.8587047e-01  -6.0938887e+00   6.3813095e+00
  -4.2665151e+00  -8.9796289e-02  -3.9095007e+00  -3.2128582e+00  -8.9796289e-02  -3.9095007e+00
  -4.2668279e+00  -1.6214949e-01   5.5735496e+00  -3.2367074e+00  -1.6214949e-01   5.5735496e+00
  -2.3485289e-01  -1.1817486e-01   6.1689260e+00  -1.8665550e-01  -2.5982330e+00   6.1689260e+00
  -1.3646364e+01  -3.0565362e+00   1.0724946e+01  -1.4297878e+01  -3.0565362e+00   1.0724946e+01
  -4.4767122e+00  -3.0379151e-01  -6.3543276e+00  -4.4646782e+00  -3.0379151e-01  -6.8548069e+00
  -4.3011839e-01   1.1048539e-01  -5.3287528e+00  -4.3011839e-01  -3.4928408e-01  -8.5332860e+00
   4.3223081e-01  -2.9703962e+00   6.3414804e+00   4.3223081e-01  -4.3386527e+00   6.3414804e+00
  -1.2509704e+01  -2.6516082e+00   9.7732035e+00  -1.2509704e+01  -3.1908093e+00   1.0735561e+01
  -5.4583569e+00  -1.3545427e+01   6.2933691e+00  -5.4583569e+00  -1.5861248e+01   6.2933691e+00
  -6.5000344e-01   3.0506488e+00  -6.7561266e+00  -3.4348307e-01  -4.2542440e+00  -6.7561266e+00
  -4.8333243e-01  -2.2046824e-01  -2.2164270e+00  -4.8333243e-01  -2.2046824e-01   1.2255731e+00
  -5.6318402e+00  -5.8428706e+00   6.9227082e+00  -3.3699424e+00  -5.8428706e+00   6.9227082e+00
  -7.2193304e+00  -4.0168062e-01  -5.7648697e+00  -7.2372753e+00  -4.0168062e-01  -1.0710457e+01
  -5.9319939e+00  -4.4441785e+00   6.5847438e+00  -3.3905387e+00  -4.4441785e+00   6.5847438e+00
  -1.4315317e+01  -2.9472390e+00   1.0399650e+01  -1.3661850e+01  -2.9472390e+00   1.0399650e+01
   2.5663321e-01  -1.5069198e+00   8.4269858e-01   2.5663321e-01  -1.5069198e+00  -7.5838669e+00
  -4.4971759e+00  -2.7785804e-01  -2.9083271e+00  -3.1398587e+00  -2.7785804e-01  -2.9083271e+00
   5.2606768e-01  -1.1117949e+01   6.4526229e+00   5.2606768e-01  -9.3561890e+00   6.4526229e+00
  -3.2064121e+00  -2.7613665e+00   6.5639086e+00  -5.8411859e+00  -2.7613665e+00   6.5639086e+00
  -6.9449711e+00  -1.2668839e-01   1.5753761e+00  -5.8275045e+00  -1.2668839e-01   1.5753761e+00
  -1.5501905e+00   3.2397735e-02  -7.5444513e+00  -6.5805053e-01   3.2397735e-02  -7.5444513e+00
  -7.2542980e+00  -1.0551171e+01   6.5115530e+00  -7.2542980e+00  -7.3928819e+00   6.5115530e+00
  -7.8029519e+00  -1.4440897e+01   6.5521783e+00  -6.3909326e+00  -1.4440897e+01   6.5521783e+00
  -1.1846450e+01   2.7240832e+00   6.0798715e+00  -1.1846450e+01   2.7240832e+00  -6.3310996e-01
   6.4200991e-01  -3.5873622e-01   7.0249268e-01   6.7215823e-01  -3.5873622e-01  -4.1479003e+00
  -8.3046358e+00  -4.3283662e-01  -2.1436151e+00  -8.3046358e+00  -4.3283662e-01  -1.5701244e+00
  -5.5467649e-02  -1.0541286e+01   6.7598546e+00  -5.5467649e-02  -1.4110256e+01   6.7598546e+00
   7.1490207e-01  -2.5392936e-01   3.9714405e+00   7.1490207e-01  -1.7881158e+00   3.9714405e+00
  -1.2596277e+01  -3.2116764e+00   1.0747608e+01  -1.2596277e+01  -2.7248412e+00   9.7899940e+00
  -3.0946343e-01  -2.6816517e+00   6.0890022e+00  -3.0946343e-01  -2.2255991e-01   6.0890022e+00
  -1.2823820e+01  -2.4839971e+00   9.9404535e+00  -1.4405274e+01  -2.4839971e+00   9.9404535e+00
  -5.3481571e-01  -4.0778902e-01   7.5107600e+00  -3.0285980e-01  -4.0778902e-01  -8.2694200e+00
  -8.7895303e+00  -5.0441708e-01  -6.4815698e+00  -8.7895303e+00  -5.0441708e-01  -6.9745857e+00
  -1.9890277e-01  -4.2043661e-01  -1.0231823e+01  -1.9890277e-01  -4.2043661e-01  -5.8489882e+00
   2.4101618e-01  -2.7981303e+00   6.0224653e+00   2.4101618e-01  -5.2991255e-01   6.0224653e+00
  -1.2603433e+01  -1.4720720e+01   1.0820062e+01  -1.2603433e+01  -5.5872737e+00   1.0820062e+01
  -7.2146128e+00  -4.2105458e-01  -4.1445105e+00  -7.2146128e+00  -4.2105458e-01  -5.6223352e+00
  -2.9106658e+00  -8.4604565e+00   6.3660501e+00  -2.9106658e+00  -9.9861250e+00   6.3660501e+00
  -1.7016419e+00  -2.3272443e-01   2.0621569e+00  -9.7042560e-01  -2.3272443e-01   2.0621569e+00
  -3.2051440e+00  -5.3527222e-02   1.8797374e+00  -4.2482312e+00  -5.3527222e-02   1.8797374e+00
  -5.5638478e+00  -1.0748625e+01   6.5629167e+00  -5.5638478e+00  -1.1224038e+01   6.5629167e+00
  -5.9143604e+00  -7.9761602e-01   6.5889419e+00  -3.2812989e+00  -7.9761602e-01   6.5889419e+00
   3.2884404e-01   5.9455000e-01   9.6865149e-01   3.2884404e-01  -8.3248659e-01   9.6865149e-01
  -6.1853411e+00  -3.3150443e+00   6.4683812e+00  -6.7378655e+00  -3.3150443e+00   6.4683812e+00
  -4.7519625e-01  -2.3938709e+00   6.2770492e+00  -4.7519625e-01   1.2545695e-01   6.2770492e+00
   6.5474752e-01  -4.7265527e-01  -4.3638265e+00   6.5474752e-01  -4.7265527e-01  -8.9832845e+00
  -3.3685187e-01  -2.1922423e-01  -3.8980693e+00  -3.3685187e-01  -2.1922423e-01  -4.5462273e+00
  -5.9529610e+00  -1.1468304e+01   6.6170021e+00  -3.1492952e+00  -1.1468304e+01   6.6170021e+00
   7.2500068e-01  -2.7440191e-01  -9.0807227e+00   7.2500068e-01  -2.7440191e-01   2.7698726e+00
  -8.7848382e+00  -5.1294905e-01  -5.3907051e+00  -8.7848382e+00  -5.2583149e-01  -6.1401789e+00
  -4.2637986e+00  -2.4292207e-01  -3.7930309e+00  -3.1130824e+00  -2.4292207e-01  -3.7930309e+00
  -3.0050953e+00  -1.2989657e+01   6.7030606e+00  -3.0050953e+00  -1.1365279e+01   6.7030606e+00
  -6.8526343e+00  -1.7955877e-01  -3.8216164e+00  -6.1119559e+00  -1.7955877e-01  -3.8216164e+00
  -1.5969275e+01  -2.4020453e+00   1.0790258e+01  -1.5275386e+01  -3.0805224e+00   1.0790258e+01
  -3.0376911e+00  -9.7960330e+00   6.6449975e+00  -3.0376911e+00  -7.9883715e+00   6.6449975e+00
  -4.5164304e+00  -2.7418911e-01  -4.4624634e+00  -3.1320780e+00  -2.7418911e-01  -4.4624634e+00
  -3.2743064e+00  -8.9189162e-02   4.9959490e+00  -4.2380974e+00  -8.9189162e-02   4.9959490e+00
  -1.5939875e+00  -1.9326062e-01  -5.7728365e+00  -6.8691939e-01  -1.9326062e-01  -5.7728365e+00
  -6.1418544e+00  -1.1537485e-01  -7.7885967e+00  -6.8184098e+00  -1.1537485e-01  -7.7885967e+00
  -5.2683391e-01  -1.7478384e-01  -5.5785572e+00  -1.8429890e+00  -1.7478384e-01  -5.5785572e+00
  -6.0213528e+00  -8.0166439e+00   6.5600192e+00  -3.1336649e+00  -8.0166439e+00   6.5600192e+00
  -1.4301277e+01  -2.1899986e+00   1.0009999e+01  -1.2876773e+01  -2.1899986e+00   1.0009999e+01
  -5.7628354e+00  -2.1836951e+00   6.9625581e+00  -3.4059552e+00  -2.1836951e+00   6.9625581e+00
  -4.3019058e+00  -3.0009667e-02  -8.0238843e+00  -3.2445456e+00  -3.0009667e-02  -8.0238843e+00
  -8.3076742e+00  -4.2041917e-01  -8.6857282e+00  -8.2992629e+00  -4.2041917e-01  -8.0784616e+00
  -2.3968604e-01  -1.0522380e+01   6.8523178e+00  -2.3968604e-01  -1.4116751e+01   6.8523178e+00
  -7.0306294e+00  -3.4878111e-01  -3.7066433e+00  -6.0350910e+00  -3.1533359e-01  -3.7066433e+00
  -8.3166603e+00  -9.3134028e+00   6.4664211e+00  -8.3166603e+00  -9.8314898e+00   6.4664211e+00
  -7.0074447e+00  -3.5178553e-01   2.0858419e+00  -5.8059504e+00  -3.5178553e-01   2.0858419e+00
  -1.5521323e+00   3.8892128e-02  -8.0387322e+00  -6.4785027e-01   3.8892128e-02  -8.0387322e+00
   2.5110883e-01  -3.1795756e-01   3.6702435e+00   2.5110883e-01  -3.1795756e-01   5.9534433e-01
  -7.0891942e+00  -3.7212473e-01  -4.3861275e+00  -6.0201913e+00  -3.7212473e-01  -4.3861275e+00
  -5.6567858e+00  -1.0629461e+01   6.4175114e+00  -5.6567858e+00  -1.0183122e+01   6.4175114e+00
  -5.8205316e+00  -3.1645257e+00   6.4915490e+00  -5.8205316e+00  -4.1215273e+00   6.4915490e+00
  -1.1903862e+01   2.6603127e+00   9.7854097e+00  -1.1903862e+01   2.6603127e+00   8.1304695e+00
   6.6065269e-01  -4.2584137e-01  -1.0588136e+00   6.6065269e-01  -4.2584137e-01  -5.8074271e+00
   4.2017922e-01  -1.1712548e+01   6.6128655e+00   4.2017922e-01  -1.0511341e+01   6.6128655e+00
   3.3031951e-01  -1.5433971e-01  -9.5728674e+00   3.3031951e-01  -1.5433971e-01  -1.2672550e+00
  -7.1209501e+00  -3.8261160e-01   2.0173158e+00  -7.1209501e+00  -3.8261160e-01   5.6342203e-01
  -8.3083175e+00  -4.2375540e-01  -3.2329254e+00  -8.3083175e+00  -4.2375540e-01  -2.6438513e+00
  -6.6403347e+00  -4.8329441e+00   6.5617614e+00  -5.9388081e+00  -4.4303263e+00   6.5617614e+00
  -7.0786746e+00  -3.4635141e-01  -2.8289307e+00  -6.0410268e+00  -3.4635141e-01  -2.8289307e+00
  -6.2528222e-01  -9.7481596e-03  -4.1841264e+00  -1.5360288e+00  -9.7481596e-03  -4.1841264e+00
  -9.5943524e+00   1.5303729e-01  -7.0235101e+00  -9.5943524e+00   1.5303729e-01  -7.9428861e+00
  -1.3575995e+00  -1.7878382e-01  -3.8063160e+00  -5.2166913e-01  -1.7878382e-01  -3.8063160e+00
  -3.1805472e+00  -6.0516219e+00   6.7490195e+00  -3.1805472e+00  -5.3130007e+00   6.7490195e+00
  -3.0399340e-01  -5.7941159e+00  -5.0087680e+00  -3.0399340e-01  -1.3570785e+00  -5.0087680e+00
  -1.3559075e+01   2.1971992e+00   6.5086598e+00  -1.2432022e+01   2.1971992e+00   6.5086598e+00
  -8.7363330e+00  -6.7053769e-01  -7.6108992e+00  -8.7363330e+00  -6.7053769e-01  -8.2407721e+00
  -1.4463513e+01  -3.6236481e+00   1.0694234e+01  -1.4463513e+01  -2.9561115e+00   9.4272700e+00
  -4.8270196e+00  -3.0575264e-01  -5.5725439e+00  -7.0853733e+00  -3.0575264e-01  -5.5725439e+00
  -1.4433076e+01  -2.6767477e+00   1.0112068e+01  -1.2837363e+01  -2.6767477e+00   1.0112068e+01
  -4.7828621e-01   1.3618873e+00  -3.3695542e+00  -4.7828621e-01  -1.6826710e+00  -3.3695542e+00
  -8.3084813e+00  -1.0375872e+01   6.4540398e+00  -8.3084813e+00  -1.0913017e+01   6.4540398e+00
  -1.8741955e-01  -7.7299905e+00   5.8772698e+00  -1.8741955e-01  -5.0263567e+00   5.8772698e+00
   2.2328305e-01   1.6608877e-01  -5.6703347e+00   2.2328305e-01   1.6608877e-01  -7.9299020e+00
  -6.5202400e+00  -9.6410177e+00   6.5214577e+00  -6.8280609e+00  -8.9833710e+00   6.5214577e+00
  -3.1441431e+00  -9.3874600e+00   6.6991404e+00  -3.1441431e+00  -8.3689832e+00   6.6991404e+00
  -1.7861764e+00  -2.0095360e-01  -4.4626925e+00  -6.1651663e-01  -2.0095360e-01  -4.4626925e+00
  -7.0311609e+00  -8.8653895e+00   6.4564555e+00  -7.0311609e+00  -9.4589684e+00   6.4564555e+00
   2.9299964e-01  -1.9106325e+00  -1.1594261e+01   2.9299964e-01  -1.9106325e+00  -4.3599207e+00
  -3.0108625e-01  -1.4117865e+01   6.8974686e+00  -3.0108625e-01  -1.0570665e+01   6.8974686e+00
  -1.7494281e+00  -2.1942718e+00   6.4889407e+00  -4.9977896e-01  -2.1942718e+00   6.4889407e+00
  -3.2346317e+00  -3.3056423e-02  -7.3203430e+00  -4.2617385e+00  -3.3056423e-02  -7.3203430e+00
  -4.0000062e-01  -6.3178332e+00  -5.2585744e+00  -4.0000062e-01   1.1253956e+00  -5.2585744e+00
  -4.3976187e+00  -2.5897787e-01  -5.7478121e+00  -3.2781924e+00  -2.1744638e-01  -5.7478121e+00
  -1.2444123e+01  -1.1308144e+01   1.0757964e+01  -1.2444123e+01  -9.5706025e+00   1.0757964e+01
  -3.2661850e+00  -8.0979974e+00   6.9349930e+00  -3.2661850e+00  -9.7309169e+00   6.9890737e+00
  -1.8073352e-01  -1.4113610e+01   6.8361164e+00  -1.8073352e-01  -1.2553612e+01   6.8361164e+00
  -8.3144325e+00  -7.2011792e+00   6.4665215e+00  -8.3144325e+00  -7.7000483e+00   6.4665215e+00
   1.8016129e-01   2.8701864e+00  -3.5912144e+00   1.8016129e-01  -5.6122009e+00  -3.5912144e+00
  -6.4924908e-01   4.0864864e-02  -7.8203804e+00  -1.5198035e+00   4.0864864e-02  -7.8203804e+00
  -5.6465773e+00  -1.1214534e+01   6.3959163e+00  -5.6465773e+00  -1.0782802e+01   6.3959163e+00
  -8.3175594e+00  -8.2491100e+00   6.4735489e+00  -8.3175594e+00  -8.7639231e+00   6.4735489e+00
  -6.8609897e+00  -1.1837169e-01  -7.9960372e+00  -6.1409886e+00  -1.1837169e-01  -7.9960372e+00
  -7.0697871e+00  -3.2743613e-01   4.5820774e+00  -5.9584742e+00  -3.2743613e-01   4.5820774e+00
  -1.3660149e+01  -2.8655293e+00   1.0318764e+01  -1.4288578e+01  -2.8655293e+00   1.0318764e+01
  -8.3912647e+00  -1.1964116e+01   6.4157705e+00  -8.3912647e+00  -1.1470810e+01   6.4157705e+00
  -5.5728521e+00  -1.0103279e+01   6.5730860e+00  -5.5728521e+00  -1.0566353e+01   6.5730860e+00
  -1.1788112e-01  -1.4081372e+01   6.6490028e+00  -1.1788112e-01  -1.0577936e+01   6.6490028e+00
  -6.9841307e+00  -1.2469350e+01   6.3882875e+00  -6.9841307e+00  -1.3014523e+01   6.3882875e+00
   7.5149723e-01  -5.0946135e+00   6.6421758e+00   7.5149723e-01  -1.2286828e-01   6.6421758e+00
  -8.7195917e+00  -1.3115285e+01   6.4547754e+00  -8.7195917e+00  -1.3538709e+01   6.4547754e+00
  -4.9525016e+00  -1.3973576e+01   6.9751289e+00  -3.9998354e+00  -1.3973576e+01   6.9751289e+00
   8.3553068e-01  -7.3216483e+00   6.0749323e+00   8.3553068e-01  -1.3125709e+01   6.0749323e+00
   3.5343103e-01  -1.4026216e+01   6.9033820e+00   3.5343103e-01  -1.3244467e+01   6.9033820e+00
  -6.0743954e+00  -1.4820775e-01  -4.1053060e+00  -6.8521320e+00  -1.4820775e-01  -4.1053060e+00
  -8.3715358e+00  -5.2404260e-01  -4.8973789e+00  -8.3715358e+00  -5.2404260e-01  -5.4126918e+00
   4.9351661e-01  -8.5785010e+00  -3.6369602e+00   1.1494766e+00   6.9452468e+00   1.6730397e+01
  -9.4601820e+00  -1.4612179e+01   6.3229119e+00  -1.0889482e+01  -1.4612179e+01   6.3229119e+00
  -5.9488062e-01  -1.3219443e-01  -3.8699959e+00  -1.0935551e+00  -1.3219443e-01  -3.8699959e+00
  -6.9534197e+00  -1.2299883e-01   1.0961455e+00  -5.8416441e+00  -1.2299883e-01   1.0961455e+00
  -3.2525614e+00  -1.0700210e-01   5.4900861e+00  -4.2773563e+00  -1.0700210e-01   5.4900861e+00
  -8.3277940e+00  -6.5349258e-01  -6.0235485e+00  -8.3277940e+00  -6.5349258e-01  -6.6188707e+00
  -3.1243186e+00  -6.4206668e+00   6.5533846e+00  -5.9465016e+00  -6.4206668e+00   6.5533846e+00
   4.2879476e-01  -2.5048597e-01  -7.9936404e+00   4.2879476e-01  -2.5048597e-01  -6.4996906e+00
  -3.0337759e+00  -6.3403371e+00   6.5094275e+00  -3.0337759e+00  -4.5523761e+00   6.5094275e+00
  -3.2380154e+00  -2.7225799e-02  -7.8125560e+00  -4.2277321e+00  -2.7225799e-02  -7.8125560e+00
  -1.2833626e+01  -3.0406742e+00   1.0726349e+01  -1.3472217e+01  -3.0406742e+00   1.0726349e+01
  -6.0272231e+00  -3.2917465e+00   6.4534901e+00  -6.0272231e+00  -4.0238974e+00   6.4534901e+00
  -8.7932081e+00  -1.3571903e+01   6.4057188e+00  -8.7932081e+00  -1.3077215e+01   6.4057188e+00
  -5.6979906e+00  -1.3061217e+01   7.0143768e+00  -4.8463030e+00  -1.3143516e+01   7.0143768e+00
  -1.5065726e+00  -5.2315963e-02   1.0163872e+00  -6.6408593e-01  -5.2315963e-02   1.0163872e+00
  -7.1071456e+00  -4.1631003e-01  -2.3199265e+00  -7.1071456e+00  -4.1631003e-01  -2.8135572e+00
   4.3268286e-01  -6.2732227e+00   6.2328688e+00   4.3268286e-01  -7.5391904e+00   6.2328688e+00
   1.5552666e-01  -2.3346066e-01  -9.6229041e+00   1.5552666e-01  -2.3346066e-01  -6.2707144e+00
   8.4257247e-01  -3.3919303e+00   5.5713797e+00   7.7761846e-01  -6.4677506e+00   5.5713797e+00
   6.6243588e-01  -3.7326072e-01  -1.0312174e+00   6.6243588e-01  -3.7326072e-01  -5.6504121e+00
  -1.1783226e+01   2.6214563e+00  -4.0276608e+00  -1.1783226e+01   2.6214563e+00  -5.9468397e+00
  -1.6503459e+01  -2.2282446e+00   1.0715585e+01  -1.7369487e+01  -2.2282446e+00   1.0715585e+01
  -8.3771331e+00  -1.4272035e+01   6.3798230e+00  -8.3771331e+00  -1.3623453e+01   6.3798230e+00
  -3.0991326e+00  -1.1336393e+01   6.8312839e+00  -3.0991326e+00  -1.3187337e+01   6.8312839e+00
   7.3327137e-01  -9.1298546e-01  -3.6089705e+00   7.3327137e-01  -9.1298546e-01   2.1031368e+00
  -3.0340577e+00  -1.2514488e+00   6.5554656e+00  -3.0340577e+00  -2.4297837e+00   6.5554656e+00
  -4.3983264e+00  -2.2576872e-01  -6.9462521e+00  -3.6316165e+00  -2.2576872e-01  -6.9462521e+00
   7.6504968e-01  -6.6616331e+00   6.6484378e+00   7.6504968e-01  -5.8177674e+00   6.6484378e+00
  -5.5797651e-01  -9.0015914e-02  -8.5207146e+00  -5.5400193e-01  -9.0015914e-02  -6.9148445e+00
  -3.1968252e+00  -6.2924654e-02  -4.1739683e+00  -4.2418531e+00  -6.2924654e-02  -4.1739683e+00
  -6.6172524e-01  -3.0545938e-02   1.6985651e+00  -1.4889794e+00  -3.0545938e-02   1.6985651e+00
  -6.1499503e+00  -8.0066911e+00   6.8131486e+00  -6.4430833e+00  -8.4911756e+00   6.8131486e+00
  -6.3477910e-01  -2.7009781e-02  -2.6377365e+00  -1.5681406e+00  -2.7009781e-02  -2.6377365e+00
   3.6445258e-01  -5.8569636e+00   6.7099631e+00   3.6445258e-01  -4.9744323e+00   6.7099631e+00
  -1.1713846e+01   2.5408839e+00   9.9206295e+00  -1.1713846e+01   2.5408839e+00   7.8549976e+00
  -1.4258808e+01  -1.8308127e+00   9.9643091e+00  -1.2909106e+01  -1.8308127e+00   9.9643091e+00
  -4.5039448e+00  -4.3675725e-01  -2.3925213e+00  -4.5039448e+00  -4.3675725e-01  -2.9873818e+00
   3.9755497e-01   6.8348479e-01   5.8193755e+00  -1.2332092e+00   3.0919705e-01   5.8193755e+00
  -5.7802303e+00  -7.3778131e-01   6.4920455e+00  -6.4472662e+00  -7.3778131e-01   6.4920455e+00
  -3.4422133e+00  -8.5823681e-01   6.6794960e+00  -6.1448392e+00  -8.5823681e-01   6.6794960e+00
  -1.3405913e-01  -2.2224727e-01   4.5043655e+00   4.0171437e-01  -2.2224727e-01   4.5043655e+00
  -1.2462249e+00  -4.3637731e+00   6.4279180e+00  -1.7317784e+00  -4.3637731e+00   6.4279180e+00
   1.5674488e-01   5.9525245e-01   1.0391889e+00   1.5674488e-01  -1.0137121e+00   1.0391889e+00
   5.1503932e-01  -4.1417814e+00   3.9629518e+00   5.1503932e-01  -1.1286642e+00   3.9629518e+00
  -1.2103429e+01   2.9948968e+00   2.4743258e+00  -1.2103429e+01   2.9948968e+00  -1.0079780e+01
  -1.7373445e+01  -2.3423211e+00   1.0788751e+01  -1.6419403e+01  -2.3423211e+00   1.0788751e+01
  -6.7115765e+00  -9.0676962e+00   6.2338201e+00  -6.7115765e+00  -6.5121321e+00   7.7550735e+00
  -8.4001962e+00  -4.6839448e-01  -2.7145026e+00  -8.4001962e+00  -4.6839448e-01  -3.1827191e+00
  -8.3310777e+00  -3.6884622e-01   9.6013176e-02  -8.3310777e+00  -3.6884622e-01   6.3612859e-01
  -3.2113447e+00  -5.9718386e-02  -2.4295493e+00  -4.2526023e+00  -5.9718386e-02  -2.4295493e+00
  -3.2151335e+00  -5.1236640e-02  -8.3041902e+00  -4.2768614e+00  -5.1236640e-02  -8.3041902e+00
  -9.7342731e+00   1.9180832e-01  -7.9514395e+00  -9.6291635e+00   1.9180832e-01  -6.9573437e+00
   5.8940329e-01  -1.1290281e+01   6.6121117e+00   5.8940329e-01  -1.2009894e+01   6.6121117e+00
  -3.2019293e+00  -6.4993721e-02   8.8283709e-01  -4.2429173e+00  -6.4993721e-02   8.8283709e-01
  -8.3096915e+00  -6.1081107e+00   6.4301119e+00  -8.3096915e+00  -6.6123809e+00   6.4301119e+00
  -1.4967595e+00  -8.1870614e-02   1.4656700e+00  -6.6226601e-01  -8.1870614e-02   1.4656700e+00
  -1.2317551e+01   2.2779302e+00   7.2218934e+00  -1.2317551e+01   2.2779302e+00   6.5537222e+00
  -2.0568372e+00  -3.3787590e+00   6.4573952e+00  -1.3925664e+00  -2.7246560e+00   6.4573952e+00
  -8.3099756e+00  -3.9541904e+00   6.4189775e+00  -8.3099756e+00  -4.4864252e+00   6.4189775e+00
   4.4239003e-01  -2.7383176e-01  -5.4512171e+00   4.4239003e-01  -2.7383176e-01  -4.5343340e+00
  -6.1130392e+00  -2.6416883e-01  -6.9861507e+00  -6.9345859e+00  -2.6416883e-01  -6.9861507e+00
  -7.0958156e+00  -3.3295590e-01  -8.5365412e+00  -6.0738247e+00  -2.6943054e-01  -8.5365412e+00
  -7.0112718e+00  -1.1940844e+01   6.4467182e+00  -7.0112718e+00  -1.2395674e+01   6.4467182e+00
  -1.2566849e+01  -1.5564185e+00   9.9204652e+00  -1.2566849e+01  -2.5938060e+00   9.9204652e+00
  -6.1214362e+00  -1.5075444e-01  -2.3569965e+00  -6.8571860e+00  -1.5075444e-01  -2.3569965e+00
  -6.1228939e+00  -1.6265888e-01  -2.5578234e+00  -6.9234039e+00  -1.6265888e-01  -2.5578234e+00
  -4.4801839e+00  -3.3096394e-01   4.5377751e+00  -3.1398324e+00  -3.3096394e-01   4.5377751e+00
  -8.4091031e+00  -4.4949471e-01  -1.6279012e+00  -8.4091031e+00  -4.4949471e-01  -2.0925509e+00
  -3.9659348e-01  -4.6415396e-01   6.7628639e+00  -3.9659348e-01  -1.8519027e+00   6.7628639e+00
  -9.5261929e+00   2.2155718e-01  -8.4661723e+00  -9.5261929e+00   2.2155718e-01  -6.9878557e+00
  -5.0007390e-01   3.0144487e+00  -4.9445165e+00  -5.0007390e-01  -2.1097300e+00  -4.9445165e+00
  -4.4825197e+00  -2.3813420e-01   4.8397681e-01  -3.2306045e+00  -2.3813420e-01   4.8397681e-01
   5.8989337e-01   9.4871059e-01  -3.2750950e+00   5.8989337e-01  -1.1148632e+00  -3.2750950e+00
  -1.4327426e+01  -3.2686846e+00   1.0834947e+01  -1.2732459e+01  -3.2686846e+00   1.0834947e+01
  -8.3708178e+00  -5.5908054e-01  -7.0825558e+00  -8.3708178e+00  -5.3547738e-01  -7.5926366e+00
  -1.2669411e+01  -2.5531342e+00   9.9080264e+00  -1.2669411e+01  -1.4938065e+00   9.9080264e+00
  -3.6354502e-01  -2.3347309e+00   6.4436721e+00  -9.9805005e-01  -2.3347309e+00   6.4436721e+00
  -6.7075338e-01  -1.9016376e-02   7.4765027e-01  -1.4919781e+00  -1.9016376e-02   7.4765027e-01
  -3.7409988e-01   1.4617713e+00  -4.5506292e+00  -3.7409988e-01  -9.4071145e-01  -4.5506292e+00
  -4.7926340e+00  -8.0074243e+00   6.9255955e+00  -3.2961046e+00  -8.0074243e+00   6.9255955e+00
  -1.7871530e+00  -2.0822930e-01   4.8954605e-01  -6.0675800e-01  -2.0822930e-01   4.8954605e-01
  -6.4253302e-01  -2.8820424e-02   1.2143479e+00  -1.4954606e+00  -2.8820424e-02   1.2143479e+00
  -8.3966919e+00  -4.9671439e-01  -8.1415127e+00  -8.3966919e+00  -4.9671439e-01  -8.7135469e+00
  -9.6056136e+00   2.5544790e-01   6.3593238e-01  -9.6056136e+00   2.5544790e-01   2.0089488e+00
  -1.7220114e+00  -1.7875438e-01  -2.2462407e+00  -1.0719409e+00  -1.7875438e-01  -2.2462407e+00
  -8.5692835e+00  -4.0444244e-01  -7.2084879e+00  -8.8914405e+00  -4.2632108e-01  -7.2084879e+00
  -5.5804909e+00  -9.6885571e+00   6.9427013e+00  -4.2540961e+00  -9.6885571e+00   6.9427013e+00
  -1.2414218e+01  -9.3982710e+00   1.0697332e+01  -1.2414218e+01  -8.4181696e+00   1.0697332e+01
   6.4869167e-01  -4.7011589e-01   1.6572902e+00   6.4869167e-01  -4.7011589e-01   9.8529041e-01
   6.4071623e-01  -1.3475464e+01   6.0740458e+00   9.4746610e-01  -7.2472400e+00   6.0740458e+00
  -4.5292570e+00  -1.3097084e+01   7.0127892e+00  -3.7560267e+00  -1.3097084e+01   7.0127892e+00
  -5.4705180e-01   1.2012045e+00  -4.0713213e+00  -5.4705180e-01  -9.1712964e-01  -4.0713213e+00
  -8.3813220e+00  -1.3030186e+01   6.3915567e+00  -8.3813220e+00  -1.2581876e+01   6.3915567e+00
  -6.9062177e+00  -1.8575659e-01   5.1597518e+00  -5.9784581e+00  -1.8575659e-01   5.1597518e+00
  -1.7656740e+00  -2.1164046e-01  -2.9260480e+00  -6.0500761e-01  -2.1164046e-01  -2.9260480e+00
  -1.2993000e+01  -2.8654840e+00   1.1499808e+01  -1.4354697e+01  -2.8654840e+00   1.1665650e+01
  -7.1677949e+00  -3.1191699e-01   6.4954418e+00  -7.1677949e+00  -1.8967844e+00   6.4954418e+00
  -4.5244114e+00  -2.0671603e-01  -8.5496416e+00  -3.1793971e+00  -2.0671603e-01  -8.5496416e+00
  -3.2392065e+00  -7.9104416e-02  -4.0088836e+00  -4.1514813e+00  -7.9104416e-02  -4.0088836e+00
  -7.0240071e+00  -3.5279963e-01  -2.1657886e+00  -6.0273713e+00  -3.5279963e-01  -2.1657886e+00
  -1.3484725e+01  -2.9703834e+00   1.0371305e+01  -1.2770115e+01  -2.9703834e+00   1.0371305e+01
   7.5793910e-01  -1.7512442e+00  -3.3904989e+00   7.5793910e-01  -2.7117721e-01  -3.3904989e+00
  -9.2917867e+00   5.5122567e+00   1.3293369e+01  -9.2917867e+00  -2.5595713e+00   9.4351238e+00
  -5.7421236e+00  -2.8363393e+00   6.5763713e+00  -6.6523299e+00  -2.4728477e+00   6.5763713e+00
  -7.0580400e+00  -5.4705564e-01   5.4288950e+00  -7.0580400e+00  -5.4705564e-01   4.4924059e+00
  -1.2331955e+01  -3.2927189e+00   1.0789649e+01  -1.1425306e+01  -3.2927189e+00   9.7750378e+00
  -3.4912686e-01  -1.5763557e-01  -6.7987164e+00  -3.4912686e-01  -1.5763557e-01  -9.0231793e+00
   5.0564501e-01  -9.1496686e+00   6.2887350e+00   5.0564501e-01  -8.4927140e+00   6.2887350e+00
  -5.8238134e+00  -2.2505753e-01   1.6546350e+00  -6.6490395e+00  -2.2505753e-01   1.6546350e+00
   9.8719255e-01  -1.9270338e+01   1.3707796e+00   6.8773999e-01  -5.9531832e+00   1.3707796e+00
   6.1299221e-01  -6.7157416e-01   5.1496011e+00   6.1299221e-01  -2.1749150e+00   5.1496011e+00
  -3.2269718e+00  -7.0044068e-02  -2.6269401e+00  -4.2590820e+00  -7.0044068e-02  -2.6269401e+00
  -8.8341362e+00  -3.9817908e-01  -3.2276077e+00  -8.8341362e+00  -3.9817908e-01  -3.6901931e+00
  -1.8154588e+00  -7.9506076e-01  -2.5910322e+00  -1.8154588e+00   8.4584960e-01  -2.5910322e+00
   6.7063592e-01  -1.3392837e+01   6.1602661e+00   6.7063592e-01  -1.1565906e+01   7.1715462e+00
  -1.1061614e+01  -1.4767675e+01   6.7358390e+00  -9.5626701e+00  -1.4767675e+01   6.7358390e+00
  -5.8109730e-01  -1.4466750e+00  -3.8354643e-01  -5.8109730e-01   1.5279784e+00  -3.8354643e-01
   2.0184972e-01  -3.5666010e-01  -8.0903424e+00   2.0184972e-01  -3.5666010e-01  -1.0129527e+01
  -1.1463160e+01  -1.4425824e+00   1.0035537e+01  -1.1463160e+01  -2.3922644e+00   1.0035537e+01
   8.4424540e-01  -1.0539101e+01   6.2919113e+00   8.4424540e-01  -1.1058872e+01   6.2919113e+00
  -1.1702856e+01   2.4165586e+00  -6.3934023e+00  -1.1702856e+01   2.2924557e+00  -9.2665532e+00
   2.5856609e-01  -3.1251341e-01  -7.6706640e+00   1.0667862e-01  -2.7054278e+00  -7.6706640e+00
  -2.6480744e+00  -4.0624046e+00   6.3420212e+00  -2.6480744e+00  -3.2983313e+00   6.3420212e+00
  -1.3876029e+01   1.7797501e+00   6.2448578e+00  -1.3876029e+01   2.8669371e+00   6.2448578e+00
  -1.8710917e+00   6.4255247e-01  -3.3890729e+00  -1.8710917e+00   6.4255247e-01  -4.2542816e+00
  -1.1587547e+00  -4.2725701e+00   6.4739162e+00   3.7660599e-01  -4.2725701e+00   6.4739162e+00
  -5.8749692e+00  -1.2298930e-01   8.6352376e-01  -6.7965772e+00  -1.8139422e-01   8.6352376e-01
  -8.8283005e+00  -4.0205987e-01  -4.2694386e+00  -8.8283005e+00  -4.0205987e-01  -4.7979144e+00
   5.1676340e-01  -1.8495402e+00   4.9993071e+00   5.1676340e-01   1.9072343e-01   4.9993071e+00
  -9.4889013e+00  -1.2933109e+01   8.2141500e+00  -9.4889013e+00  -1.3813075e+01   8.2141500e+00
  -1.9839480e+00  -1.0263825e+01  -2.5718621e+00  -3.0152016e+00  -1.0263825e+01  -2.5718621e+00
  -5.7794249e+00  -9.9882542e+00   6.5825791e+00  -6.5861671e+00  -9.6159719e+00   6.5825791e+00
  -1.2544334e+01   4.2818661e+00   4.4738666e+00  -1.2544334e+01   4.2818661e+00   1.6438624e+00
