  -1.6188710e+01  -2.3828471e+00   1.0864383e+01
  -8.5799372e+00  -3.7342574e-01  -4.9700475e+00
  -1.5065134e+01  -2.9072110e+00   1.0427257e+01
  -1.2478530e+01  -2.2184563e+00   9.9256779e+00
  -8.5746293e+00  -1.1597147e+01   6.5180968e+00
  -7.9177745e+00  -4.6974259e-01  -5.9411380e+00
  -1.2578791e+01  -1.2771012e+01   1.1047739e+01
  -1.0901620e+01   1.9248739e+00  -2.9361050e+00
  -1.2219641e+01  -1.0004434e+01   1.0615709e+01
  -1.2468452e+01  -2.3124634e+00   9.8725379e+00
  -8.3756293e+00  -5.2341047e-01  -6.5227010e+00
  -1.2348888e+01   6.2201145e-01   1.0762408e+01
  -1.0494584e+01  -7.3599966e+00   9.0578892e+00
  -1.1212899e+01  -1.9017637e+00   9.7735070e+00
  -8.7500517e+00  -1.4169086e+01   6.5482912e+00
  -1.2404612e+01  -4.2199922e+00   1.0743157e+01
  -9.6078905e+00  -1.0303400e+01   8.3292277e+00
  -9.5772809e+00  -9.9245610e+00   8.3219989e+00
  -8.7051307e+00  -9.2331709e+00   6.4801034e+00
  -8.7399997e+00  -7.7512147e+00   6.4649542e+00
  -8.7295976e+00  -6.6857876e+00   6.4023020e+00
  -8.5523807e+00  -4.1697134e-01  -1.7842621e+00
  -7.6183191e+00  -1.1814036e+01   6.3129425e+00
  -6.6664577e+00  -1.1728245e+01   6.4959443e+00
  -7.3956841e+00  -1.3704629e+01   6.4822138e+00
  -7.3161901e+00  -1.3816794e+01   6.2971641e+00
  -7.3435621e+00  -1.4227496e+01   6.5925442e+00
  -6.0555843e+00  -1.2511664e+01   6.9485160e+00
  -6.9409692e+00  -1.0515805e+01   6.6046669e+00
  -6.2367474e+00  -1.2761319e+01   6.9210801e+00
  -7.3138271e+00  -1.0734636e+01   6.4841598e+00
  -3.4908083e+00  -3.1894845e-02  -7.7429774e+00
  -6.2568424e+00  -1.6582633e+00   6.8237688e+00
  -7.3844216e+00  -9.4690383e+00   6.5070782e+00
  -8.2652723e+00  -2.9465651e+00   6.6009758e+00
  -5.9354083e+00  -1.3236503e+00   6.8601695e+00
  -5.7452252e+00  -2.2114667e+00   6.9667647e+00
  -5.2434340e+00  -3.5579777e+00   6.4450455e+00
  -4.6823832e+00  -1.2234954e+01   7.0234681e+00
  -7.3565279e+00  -7.8488264e-01   6.4864167e+00
  -6.7542698e+00  -1.2664338e-01   4.9672481e+00
  -7.1273522e+00  -2.0464750e+00   6.4719866e+00
  -6.2488216e+00  -8.5938051e+00   6.8543269e+00
  -4.3789404e+00  -1.9883742e+00   6.8376840e+00
  -5.8564715e+00  -1.1728352e+01   6.8568160e+00
  -4.2302938e+00  -2.8688657e+00   6.5759373e+00
  -6.2881976e+00  -8.2359745e-02   4.9921906e+00
  -5.6337863e+00  -1.2172698e+01   7.0459952e+00
  -5.5642763e+00  -1.0751182e+01   6.5274259e+00
  -4.9451655e+00  -1.0557574e+01   6.5723056e+00
  -3.4877795e+00  -9.6345478e+00   6.9421895e+00
  -5.8629958e+00  -8.3129265e+00   6.8394158e+00
  -3.0387763e+00  -1.0730946e+01   6.6432894e+00
  -3.1663611e+00  -2.8129141e+00   6.5466424e+00
  -2.6972015e+00  -4.8803728e+00   6.2832060e+00
  -5.7322594e+00  -4.6412145e+00   6.9587634e+00
  -2.3650603e+00  -4.4746244e+00   6.4244978e+00
  -3.0255305e+00  -1.0758517e+01   6.5370756e+00
  -4.1695195e+00  -6.9545682e-02   4.9906934e+00
  -1.4388819e+00  -2.2047136e-01   5.4757274e+00
  -8.8395622e-01  -1.6893612e-01  -5.3490344e+00
  -3.3248605e+00  -8.1259848e+00   7.0029743e+00
  -3.3255647e+00  -4.5583413e+00   6.8755605e+00
  -3.8858221e+00  -9.1321635e+00   6.9548465e+00
  -2.9788886e-01  -3.0624487e-01  -8.7491432e-01
  -9.1285480e-01  -1.0630580e+01   6.4962726e+00
  -7.3151463e-02  -1.0609346e+01   6.4984267e+00
  -1.7934826e+00  -2.6793068e-01   4.7697574e-01
  -1.4678707e+00   1.4151768e-02  -4.0721392e+00
  -3.2638271e+00  -8.0807699e-01   6.7069044e+00
   2.4159942e-01  -2.8706478e-01   5.9708452e-01
  -1.2857223e+00   5.0677694e-02  -4.1647093e+00
  -1.1183427e+00   7.0963342e-02  -7.3161342e+00
   2.4608867e-01  -2.1506558e-01  -4.4876226e+00
   2.5337617e-01  -2.3515800e-01  -3.4523507e+00
  -2.0384960e+00  -2.9140918e-01  -6.8918193e+00
   6.0219693e-01  -1.3308952e+01   6.5245735e+00
  -2.0100666e+00  -1.0751369e+01   6.5740423e+00
  -8.9996207e-01  -4.1409008e-02  -4.0977950e+00
  -3.7703462e-01  -1.9101318e-01   2.0738253e+00
  -2.9392650e-01  -9.0303761e-01  -5.2296346e+00
  -5.0958527e-01  -2.9297472e-01   6.5041109e+00
  -5.6982617e-02  -1.0690840e+01   6.5754188e+00
  -1.4287511e-01  -2.7889256e-01   1.4241214e+00
  -3.8785904e-01  -3.2399662e-01  -2.9550643e+00
   5.8082324e-01  -2.5998421e-01  -5.6526238e+00
  -3.6686517e-01  -2.7687614e-01  -2.7919601e+00
  -1.8043049e-01  -1.1815765e+01   6.4627372e+00
   1.2910121e-01  -1.5573492e-01  -2.8880995e+00
   1.9003100e-01  -4.4681774e+00   6.3550789e+00
  -3.7771797e-01  -3.5999797e-01  -2.7256652e-01
  -3.7517163e-01  -3.8518195e-01   6.5348102e-01
   4.4958208e-01  -2.6601557e-01  -3.0250743e+00
  -3.7427758e-01  -1.8181480e-01  -4.0391599e+00
  -1.5532445e-01  -1.3580371e-01   5.6550404e+00
   5.1542082e-01  -2.7563180e-01  -4.0879059e+00
  -1.4429104e-01  -1.7921610e-01   4.0135518e-01
   6.6035228e-01  -3.1113266e-01  -3.6106187e+00
  -1.4335771e-01  -3.2444011e-01   4.9716854e-01
  -9.9229208e+00  -1.0092476e+00   4.2604785e+00
   5.8495690e-01  -5.5046702e+00   6.3931435e+00
   4.4270235e-01  -2.9643017e-01   1.7476896e+00
   2.4675571e-01  -4.8717088e+00   6.4084639e+00
   6.5194917e-01  -1.3087999e+01   6.4812220e+00
   3.4206070e-01  -4.0488667e+00   5.9576881e+00
   6.0265392e-01  -1.0746735e+01   6.4830446e+00
   6.3467399e-01  -3.0430944e-01   6.1289293e-01
  -8.0626722e+00  -1.4384771e+01   6.5659575e+00
   1.1600925e-01  -2.1403621e-01  -5.2722416e+00
  -1.4619412e+01  -3.3545536e+00   1.1229541e+01
   2.2451931e-01  -3.1917727e-01  -3.9947393e+00
   5.4380686e-01  -3.2081506e-01   3.8327977e+00
  -8.2886377e+00  -1.3805039e+01   6.5684761e+00
   1.1600702e-01  -2.3621884e-01  -7.7054099e+00
   6.4834168e-01  -3.1488406e-01  -5.9387793e+00
  -4.1628471e+00  -5.4156395e-02  -7.7164488e+00
  -6.4018525e+00  -1.7070935e-01   1.8797312e+00
  -6.1958770e+00  -1.2768093e+01   6.9391996e+00
  -3.9191452e+00  -5.0368117e-02  -7.7379908e+00
  -5.9282804e+00  -1.0766104e+01   6.4959973e+00
  -8.6137982e+00  -6.9021267e+00   6.4320506e+00
  -3.4361155e+00  -3.4961542e-02  -7.7427935e+00
  -1.2886213e+01  -2.0945087e+00   1.0162782e+01
  -1.2131282e+01   2.1715531e+00   6.4586866e+00
  -1.1081739e+01  -7.5396752e+00   9.5966141e+00
  -7.3360296e+00  -7.6518070e+00   6.4259446e+00
  -5.8342440e+00  -1.2486739e+01   6.9384143e+00
  -2.6290145e-01  -1.3560815e+01   6.6349604e+00
  -9.9311706e+00  -3.5698761e+00   8.6201890e+00
  -1.0414462e-02  -9.1598700e+00   6.6308631e+00
   1.2702765e-01  -2.7796052e-01   1.3251806e+00
   2.3171751e-01  -2.5337845e-01  -4.6876795e+00
   2.1742097e-01  -2.5641402e-01  -8.0718900e+00
   2.3312405e-01  -2.4912081e-01  -6.1439018e+00
  -7.6641859e+00  -7.6806817e+00   6.3956870e+00
  -7.6802120e+00  -3.1568847e+00   6.4305826e+00
  -4.5601306e+00  -9.0584279e-02   5.7133996e+00
  -6.1885340e+00  -1.1750648e+01   6.9887608e+00
  -6.8482260e+00  -3.4854312e+00   6.3707546e+00
  -4.7047372e+00   5.6102689e+00   4.2532824e+00
  -1.4728307e+00   6.7857506e-02  -3.9739561e+00
  -1.3611632e+01  -2.7860396e+00   1.0446763e+01
  -1.2545910e+01  -1.1448859e+01   1.0885336e+01
  -1.3001261e+00  -3.2858414e-02   1.3536795e+00
  -1.2332671e+00  -4.0418533e-02   1.3485547e+00
  -1.0290723e+00  -5.2936295e-03  -4.0803415e+00
  -1.1546191e+01  -1.0143936e+01   1.0023640e+01
  -6.8076412e-01  -2.3484624e-01   3.5362268e+00
  -3.8170448e+00  -4.5511088e+00   6.9479575e+00
  -8.1194050e-01  -2.1540530e-02   1.3575895e+00
  -1.0912928e+01  -1.0990198e+01   9.4769769e+00
  -1.7978153e+00  -1.5012693e-01   4.9822505e+00
   3.9867495e-01  -2.4555183e-01  -6.8305786e+00
  -1.0587238e+01  -1.0942515e+01   9.1870971e+00
  -1.3206050e+00   4.2892849e-02  -8.1368810e+00
   4.0587440e-01  -4.3899165e-01  -3.6767671e+00
  -1.1978094e+01   6.9659377e-01   1.0305436e+01
  -1.1485369e+01  -2.5987269e+00   9.9873146e+00
  -1.0999947e+01  -4.8415782e+00   9.5507937e+00
  -1.1695324e+01  -7.3255385e-02   1.0112765e+01
  -8.2958754e-01   6.6121493e-02  -8.1274940e+00
  -1.2758602e+01  -3.0814154e+00   1.0667661e+01
  -1.5650016e-01  -1.3146043e+01   6.5369186e+00
  -1.0468498e+01  -4.4377280e+00   9.0793061e+00
  -3.8223492e-01  -2.5374087e-01  -2.9462134e+00
  -1.0054171e+01  -5.4242846e+00   8.6846300e+00
  -3.6606046e-01  -1.8549632e-01  -5.4560250e+00
   6.8109466e-01  -1.1485129e+01   6.4621106e+00
   1.4416026e-01  -2.2229201e-01  -6.6890833e+00
  -9.8557298e+00  -9.1879673e-01   8.5915259e+00
  -7.7313426e+00  -1.4088848e+01   6.5709425e+00
  -7.4668722e+00  -1.3708130e+01   6.3917896e+00
  -1.0040838e+01   1.3741406e+00  -5.7352050e+00
  -4.4475644e+00  -2.4009892e-01  -5.7895502e+00
  -6.3223280e+00  -1.1997605e+01   6.8963117e+00
  -3.9986089e+00  -6.2815141e-03  -7.6200062e+00
  -1.2515275e+01  -1.0334753e+01   1.0811435e+01
  -6.3404351e+00  -8.5907051e+00   6.8180242e+00
  -3.7575527e+00   2.6087099e-03  -8.0986728e+00
  -7.3265531e+00  -1.0747122e+01   6.4786699e+00
  -1.0832645e+01  -1.3503191e+01   9.5365236e+00
  -6.1813475e+00  -2.0772735e+00   6.7602604e+00
  -6.2205575e+00  -1.2754659e+01   6.9299668e+00
  -1.2010759e+01  -6.1936453e+00   1.0372377e+01
  -1.0341991e+01   1.5428809e+00   2.5481490e-01
  -1.0374302e+01  -1.1941796e+01   9.0619265e+00
  -4.4301245e+00  -1.1958617e+01   6.8638557e+00
  -4.6108419e+00  -4.8146157e+00   6.9677723e+00
  -7.3374519e+00  -7.0418526e+00   6.4637991e+00
  -1.1565109e+01  -5.3260664e+00   1.0044270e+01
  -5.8929236e+00  -1.2293794e+01   6.8789408e+00
  -3.9008570e+00  -1.2557469e+01   7.0111982e+00
  -1.0366809e+01  -9.4353471e+00   8.9076268e+00
  -1.0095430e+01  -1.0356942e+01   8.7602897e+00
  -3.8931812e+00  -9.6434719e+00   6.9939682e+00
  -7.3183204e+00  -6.3941596e+00   6.4341437e+00
  -3.4991936e+00  -1.1939734e+01   7.0098094e+00
  -1.8109139e+00  -1.8950433e-01  -2.3250469e+00
  -2.2515076e+00  -2.6903915e+00   6.6649430e+00
  -7.3038698e+00  -2.0488874e+00   6.4414871e+00
  -1.0609023e+01  -5.1024162e+00   9.2118009e+00
  -7.4713473e+00  -5.3404962e-01  -4.8702452e+00
  -1.1348467e+01  -1.1226084e+00   9.8480611e+00
  -5.8479791e+00  -1.2304511e+01   6.8924009e+00
  -1.0842766e+00  -4.6530798e+00   6.3881892e+00
  -7.1752682e+00  -3.6303996e+00   6.2467666e+00
  -9.7848354e+00  -7.3089875e+00   8.4594895e+00
  -6.7935504e+00  -1.5761181e-01   5.4197206e+00
  -5.0273133e-01  -1.9333502e-01  -5.2149681e+00
  -6.2949746e+00  -1.4361434e-01   5.4233134e+00
  -1.0797528e+01  -1.7305192e+00   9.3904475e+00
  -6.0855912e+00  -1.4157684e-01   5.4276889e+00
  -4.5255875e+00  -2.5260348e-01   1.9840176e+00
  -5.8196385e+00  -5.4594411e+00   6.8137495e+00
  -4.2046034e+00  -8.4500420e-02   5.4464621e+00
  -1.0438310e+01  -1.4974379e+00   9.0230245e+00
  -9.7629411e+00  -4.5553443e+00   8.4372998e+00
  -3.8484914e+00  -7.7381298e-02   8.6181319e-01
  -9.7182069e+00  -4.3089006e+00   8.4976174e+00
  -3.2436965e+00  -4.2350743e-02  -2.4646260e+00
  -3.2654399e+00  -6.5235391e-02   5.4614150e+00
  -1.0082560e+01  -5.0340515e-01   8.7661668e+00
   5.9167925e-01  -8.8690100e+00   6.3837369e+00
   3.2876439e-01  -2.9117024e-01  -3.5001703e+00
   4.4755954e-01  -3.5442156e-01   1.4658325e+00
  -1.2173433e+00   1.3878557e-02   8.9510005e-01
  -1.1075858e+00  -3.2706555e-03   8.8688905e-01
  -7.3298011e+00  -1.0730710e+01   6.5019713e+00
   6.7622398e-01  -3.4308731e-01   5.2752270e-01
  -1.3044429e+00  -4.4900129e-02   1.8219087e+00
  -7.0612034e+00  -4.5606175e+00   6.4733642e+00
  -1.8966063e-01  -2.9776861e-01   4.1658829e+00
  -8.9708745e-01  -1.3148469e-02   1.8418832e+00
  -7.0496600e-01  -8.5890578e-03   8.8715003e-01
  -7.0197329e-01  -1.9427164e-02   1.8428012e+00
   8.9744782e-02  -3.4720220e-01  -5.6640972e+00
   6.0369134e-01  -1.0130961e+01   6.4738382e+00
   4.5176620e-01  -3.8180196e-01   1.0225370e+00
  -1.1831995e+01  -2.8052868e+00   1.0245778e+01
   4.7584981e-01  -2.7144415e-01  -3.4979651e-01
  -6.2382591e+00  -4.8251696e+00   6.9242235e+00
   6.1990288e-01  -3.2613091e-01  -3.0424052e+00
  -5.0594950e+00  -1.2842084e+01   7.1140723e+00
   1.2506832e-01  -2.4939500e-01  -5.0001495e+00
  -1.0998027e+01  -2.3669822e+00   9.5912766e+00
  -1.0220977e+01   7.1335316e+00   3.6501110e+01
  -1.4312813e+01  -2.8978997e+00   1.1661512e+01
  -1.3474183e+01  -3.1553190e+00   1.0618420e+01
  -8.4110430e+00  -1.4194554e+01   6.5502023e+00
   6.4942663e-01  -3.0573852e-01  -3.6027667e+00
   6.3617845e-01  -3.1485790e-01  -6.2052729e+00
  -9.8058075e+00  -4.1175191e+00   8.5552107e+00
  -8.6629042e+00  -8.8264624e+00   6.4413515e+00
  -1.0053748e+01   3.4643387e-01   8.7103738e+00
  -3.2721148e+00  -1.8394076e-02   8.7101643e-01
  -8.7337680e+00  -1.7804813e+00   6.3992060e+00
  -1.6420366e+00  -1.0751800e+01   6.5826391e+00
  -7.1452070e+00  -1.2631524e+01   6.5616340e+00
  -1.3404139e+00   4.3446594e-02  -7.7124523e+00
  -1.3835792e+00   1.6976824e+00  -6.4887720e+00
  -1.2152205e+00  -4.3702640e+00   6.4867665e+00
  -6.7178357e+00  -3.5310929e-01   2.1977777e+00
  -7.4060360e+00  -2.7130416e+00   6.2898101e+00
  -1.2940909e+01   2.2072538e+00   6.5794616e+00
  -6.2497407e+00  -1.2022346e+01   6.8856571e+00
  -6.8880952e-01   4.4353753e-02  -7.7326338e+00
  -6.1578113e+00  -8.6016119e+00   6.8936236e+00
  -5.6361950e+00  -1.3601188e+01   6.4252545e+00
  -5.8074490e+00  -1.2402674e+01   6.9194477e+00
  -5.7088981e+00  -1.1821755e+01   7.0147036e+00
  -1.9490475e-01  -3.3029860e-01   6.0149281e+00
  -1.1634239e-01  -2.8338642e-01  -4.0870378e+00
   1.2704878e-01  -3.1083320e-01   2.4187360e+00
  -2.9616795e-02  -2.3055446e-01  -4.7014095e+00
  -7.1614249e+00  -9.7124048e+00   6.5461726e+00
   2.3785371e-01  -3.0606876e-01   5.8880876e-01
  -4.2614695e+00  -1.3431852e-01   1.4058550e+00
   1.9746608e-01  -2.5403448e-01  -5.3330290e+00
  -4.4480207e+00  -5.9350735e+00   7.0552369e+00
  -8.7803859e+00  -6.6618786e+00   6.4595634e+00
   6.0918617e-01  -3.2311753e-01   1.0902103e+00
  -3.4155962e+00  -1.5770676e+00   7.0112810e+00
  -3.1373604e+00  -4.3402125e+00   6.4251115e+00
  -8.7520864e+00  -4.5238295e+00   6.4255018e+00
  -7.1136041e+00  -1.1351373e+01   6.4147510e+00
  -8.4420792e+00  -5.0814593e-01  -8.1776099e+00
  -1.1902699e+01  -1.1310161e+01   1.0342993e+01
  -7.1035764e-01  -1.8857765e-01  -3.5329133e+00
  -8.5642462e+00  -4.0310577e-01  -6.0828624e+00
  -8.3125420e+00  -5.6643294e-01   5.4454608e+00
  -2.3925240e-01  -1.0578975e+01   6.5547518e+00
  -1.0404028e+01  -1.1444740e+01   9.0292227e+00
  -5.6997406e+00  -1.2217532e+01   6.9943744e+00
  -1.0022903e+01   1.3181722e+00  -1.0038752e-01
  -7.8342585e+00  -4.9179322e-01  -5.9422016e+00
  -1.1810612e+01  -4.4087758e+00   1.0276172e+01
  -6.4086509e+00  -5.0484423e+00   6.8623762e+00
  -3.9651281e+00  -5.7491817e-02   5.4555354e+00
  -1.0771487e+01  -6.0550356e+00   9.3354517e+00
   4.2737523e-01  -2.2353892e-01  -5.2591775e+00
  -1.0953432e+01  -4.7828141e+00   9.4420710e+00
   4.5978659e-01  -2.9319883e-01  -8.3639779e+00
  -1.1928266e+00  -2.1241803e-01   2.1063959e-01
  -7.2739282e-01   1.0254453e-02   9.0082325e-01
  -8.7421513e+00  -7.1329831e+00   6.3860754e+00
  -3.0539846e-01  -3.0038263e-01  -5.8098316e+00
  -1.5391943e-01  -1.9193477e-01  -6.9171379e+00
  -8.3285540e+00  -4.9514914e-01   2.1929037e+00
  -8.3567436e-01  -1.7718230e-01  -5.1304374e+00
   3.7751348e-01  -2.8489718e+00   6.7315629e+00
   1.1107958e-01  -2.1775888e-01  -6.2619184e+00
  -8.3693858e+00  -1.0380593e+01   6.4873657e+00
   4.2441520e-01  -3.6972428e-01   5.9259223e+00
   5.6034509e-01  -6.3505702e+00   6.4036912e+00
   6.8621241e-01  -1.1723670e+01   6.5035714e+00
   4.4606708e-01  -2.8580630e-01   1.5466406e+00
  -8.0288546e+00  -1.0530223e+01   6.4115401e+00
  -8.3258280e+00  -5.1979034e-01   4.3872030e+00
  -8.7233616e+00  -7.1592641e-01   6.4069590e+00
  -6.8641813e+00  -1.9481677e-01   1.4709403e+00
  -7.4171987e+00  -4.8453432e+00   6.3090354e+00
   1.4448148e-01  -2.9728421e-01   2.0653629e+00
  -1.4248507e+01  -2.1943337e+00   9.9189915e+00
  -6.9865681e+00  -2.3663447e+00   4.9932119e+00
  -7.0069967e+00  -4.9625005e+00   6.3271616e+00
  -6.4347610e+00  -1.2150622e+01   6.9710648e+00
  -6.8820501e+00  -1.7986378e+00   6.5122376e+00
  -8.7423614e+00  -1.1411075e+01   6.4326723e+00
   6.3368642e-01  -2.9157667e-01  -3.5919295e+00
  -6.0693634e+00  -8.4427562e+00   6.9158581e+00
  -6.1254718e+00  -5.3348501e+00   6.9404010e+00
  -5.0780592e+00  -1.3904033e+01   6.7144353e+00
  -5.8161410e+00  -5.5713716e+00   6.8553347e+00
  -4.3830878e+00  -2.6268638e-01  -5.7726263e+00
  -5.7836361e+00  -2.0449603e+00   6.7502216e+00
  -1.3819004e+01   2.2239769e+00   6.4907168e+00
  -8.3561129e+00  -8.2473850e+00   6.4761101e+00
  -3.4108356e+00  -2.0252605e+00   6.8623509e+00
  -3.2689058e+00  -3.5307975e+00   6.4730015e+00
  -2.6354383e+00  -2.8174547e+00   6.4596450e+00
  -6.8087643e+00  -9.0645799e+00   6.4127059e+00
  -1.6998903e+00  -1.0761756e+01   6.6073237e+00
  -4.7680313e-01  -1.3676972e+01   6.5715879e+00
  -5.2293043e-01   5.0752630e-01   5.8355874e+00
  -8.3654678e+00  -7.6736124e-01   6.4486520e+00
   1.9911502e-01  -1.2176766e+01   6.5610115e+00
  -3.0187673e-01  -2.8393490e-01  -5.8128735e+00
   4.4652914e-01   3.7903831e-01   5.7872401e+00
   4.7591546e-01  -3.1285132e-01  -8.1269000e+00
   4.4635988e-01  -1.2619401e-01   5.6205767e+00
   5.6221758e-01  -5.1287953e+00   6.4045394e+00
   5.5790306e-01  -6.3453903e+00   6.3958030e+00
   6.9601983e-01  -4.9379185e+00   6.4601762e+00
   4.6912676e-01  -3.8099916e-01  -3.0374313e-01
  -8.6661524e+00  -4.9933533e-01  -4.3654517e+00
   4.6264859e-01  -3.6668373e-01  -3.7577776e+00
  -8.6912958e+00  -5.2920009e-01  -3.7073696e+00
  -6.8447309e+00  -5.4159754e+00   6.4810547e+00
  -4.5325444e+00  -3.7550129e-01  -2.2867587e+00
  -4.2656000e+00  -7.5488173e-02   1.4593196e+00
  -8.6374084e+00  -1.3121453e+01   6.4728252e+00
  -8.3264858e+00  -5.2263732e-01   1.1136321e+00
  -8.4905795e+00  -1.3754756e+01   6.4954708e+00
  -1.1006136e+01  -9.5052395e+00   9.5012165e+00
  -8.3508260e+00  -5.0110511e-01   2.2666416e+00
  -1.2030923e+01   2.7359903e+00   6.4154149e+00
  -1.1071078e+00  -1.2684460e-02  -4.0427559e+00
  -5.8524495e+00  -1.2391537e+01   6.9117975e+00
  -8.3350087e+00  -5.0241476e-01  -1.0739182e+00
  -1.5122528e-01  -2.7847484e-01  -7.9922311e-01
  -8.7335940e+00  -8.1941146e+00   6.4108594e+00
  -8.6957169e+00  -5.5951424e-01   2.7681759e+00
  -8.7369486e+00  -1.0319046e+01   6.4638212e+00
   1.3564676e-01  -2.2549441e+00   6.4510377e+00
  -8.3729778e+00  -1.0369909e+01   6.5085893e+00
  -8.6811550e+00  -6.0099127e-01   3.8166250e+00
  -8.6675360e+00  -4.5323834e+00   6.3997669e+00
  -8.3586722e+00  -4.4330863e-01   2.7688790e+00
   6.1645010e-01  -2.5615762e-01  -2.2566126e+00
  -8.3590928e+00  -4.4483007e-01   3.8767732e+00
  -3.4330717e+00  -1.6681871e+00   6.8797994e+00
  -2.0737715e+00  -2.0696778e-01  -5.5281170e+00
  -7.0947223e+00  -1.0539532e+01   6.4366038e+00
  -3.1152025e+00  -3.2211010e+00   6.4971551e+00
  -7.0611167e+00  -8.5421486e+00   6.4625150e+00
  -6.4258967e+00  -1.2158015e+01   6.9167052e+00
  -6.4295993e+00  -8.7573637e+00   6.8698249e+00
  -4.6672531e-01  -1.3121471e+01   6.6285191e+00
  -7.8086545e+00  -1.2887690e+01   6.5472542e+00
  -7.8404933e+00  -1.2572721e+01   6.6008381e+00
  -5.8386437e+00  -1.2388020e+01   6.9074917e+00
  -1.1717344e-01  -1.1373564e+01   6.5285994e+00
  -1.1604148e+01   2.2110548e+00   7.2158733e+00
   3.1875645e-02  -1.3588574e+01   6.5937788e+00
  -2.2675632e-02  -9.1258160e+00   6.5834180e+00
   2.5712755e-01  -1.0681171e+01   6.5227741e+00
  -4.5715252e+00  -2.7855997e-01  -5.5259488e+00
  -5.7854533e+00  -5.6154387e+00   6.8192714e+00
  -9.8336905e+00   1.2260506e+00   6.4448871e+00
  -4.3975793e+00  -1.1916857e+01   6.9252150e+00
  -5.7424867e+00  -5.5595104e+00   6.8412934e+00
  -1.3595466e+01  -3.0061904e+00   1.0734415e+01
  -4.6855071e+00  -3.1285250e-01   6.5231229e+00
  -8.3362830e+00  -5.2131329e-01  -1.0356961e+00
  -3.0403863e+00  -2.3235251e-01  -5.7974706e+00
  -3.3811476e+00  -5.7585321e+00   7.1546139e+00
  -7.6982573e+00  -1.4368064e+01   6.6181881e+00
  -1.6029652e+00  -2.6628191e-01   5.6879439e+00
  -4.5512963e+00  -2.9511839e-01  -5.8740572e+00
   2.0661346e-01  -1.2150265e+01   6.5580787e+00
  -1.8561280e+00  -2.1840167e+00   6.5201253e+00
  -5.4955758e+00  -1.3514098e+01   6.5981943e+00
  -5.8579927e+00  -1.1075758e+00   6.9857258e+00
  -1.6570232e-01  -3.5431915e-01   6.0337349e+00
  -3.4000656e+00  -5.2636774e+00   7.0187988e+00
  -3.3685265e+00  -2.6992102e+00   6.5165937e+00
  -1.4680843e-01  -2.4926885e-01   2.7804304e+00
  -2.0917895e+00  -1.9278049e-01  -5.4951798e+00
  -2.2414644e+00  -2.8661452e+00   6.3864992e+00
  -1.5052495e-01  -1.7529982e-01  -6.8958771e+00
  -4.2583261e-01  -9.9437893e+00   6.5737102e+00
   6.0664884e-02  -1.2180665e+01   6.5195110e+00
   7.3720540e-02  -2.4295940e-01  -5.2232138e+00
   7.6410358e-02  -2.7014813e-01  -4.8504981e+00
  -8.3705387e+00  -7.2084824e+00   6.5021802e+00
  -1.3969012e+01   2.1929902e+00   7.0748484e+00
  -1.3662376e+01  -2.9673091e+00   1.0778936e+01
  -6.4097661e+00  -1.2159876e+01   6.9038909e+00
  -1.2867213e+01  -2.7024356e+00   1.0258761e+01
  -8.5458525e+00  -1.2070224e+01   6.4415688e+00
  -8.3962192e+00  -8.3453422e+00   6.4611337e+00
  -8.5714520e+00  -4.5324772e+00   6.4307685e+00
  -5.0695144e+00  -1.3948256e+01   6.7174492e+00
  -1.1265299e+01  -2.5468988e+00   9.7761725e+00
  -5.7979040e+00  -1.8261342e+00   6.9362156e+00
  -8.6157294e+00  -4.5633156e+00   6.3801194e+00
  -5.4512282e+00  -3.6506862e+00   6.4880988e+00
  -4.8868143e+00  -1.0689378e+01   6.5106318e+00
  -8.7415784e+00  -8.1927811e+00   6.5033071e+00
  -8.3347736e+00  -5.1330227e-01   3.1409990e-02
  -3.3921806e+00  -2.6834849e+00   6.4948407e+00
  -3.0150883e+00  -3.9534739e+00   6.5063872e+00
  -7.8539647e+00  -1.0466027e+01   6.3967743e+00
  -4.9158447e-01  -1.1334500e+01   6.6078392e+00
  -4.2598673e-01  -9.8967927e+00   6.6119817e+00
  -8.5934180e+00  -8.8786895e+00   6.5882201e+00
  -8.4224368e+00  -8.4458311e+00   6.5018281e+00
  -1.1892182e-01  -3.8868648e-01   6.0456126e+00
  -8.4015864e+00  -7.3478967e+00   6.4945834e+00
  -7.7804019e+00  -1.0841160e+01   6.5766119e+00
  -5.6185503e+00  -1.1181584e+01   6.5017485e+00
  -5.8209538e+00  -1.1835044e+00   6.8963860e+00
  -6.9959476e+00  -3.0026178e+00   6.2604584e+00
  -4.5520364e+00  -3.0150880e-01  -3.8297755e+00
  -3.0444837e+00  -3.9821542e+00   6.5799909e+00
  -4.4283377e-01  -1.3116268e+01   6.6387336e+00
  -1.8944748e+00  -3.3729827e+00   6.5587465e+00
  -1.4977868e+01  -1.7935856e+00   9.9092881e+00
  -3.3589577e+00  -5.7306090e+00   6.7841315e+00
  -6.3116237e+00  -4.7888416e+00   6.6180274e+00
  -2.4983502e+00  -2.0419756e+00   6.5054891e+00
  -8.3757253e+00  -7.3056706e+00   6.4730265e+00
  -3.5141601e+00  -4.7622255e+00   7.0130906e+00
  -8.5917192e+00  -4.5433626e+00   6.4282284e+00
  -2.7660995e+00  -5.0359360e+00   6.4630385e+00
  -1.5109489e+00  -4.7249181e-02   1.6961597e+00
  -8.5208145e+00  -7.9092662e+00   6.6173653e+00
  -6.5076010e-01  -1.4194829e-01  -4.3422650e+00
  -3.3981784e+00  -1.3232541e+01   6.6827816e+00
  -3.3958373e+00  -9.7853745e+00   6.6497688e+00
  -3.5592741e+00  -4.7815867e+00   6.9514260e+00
  -6.9551240e+00  -1.3711972e+00   6.2515090e+00
  -4.7568005e-01  -2.1304015e-01  -5.6927143e+00
  -1.4420072e-01  -3.6339195e-01   6.0540792e+00
  -1.0874361e-01  -2.1453592e+00   6.4045465e+00
  -6.7796720e+00  -8.1939907e+00   6.2868211e+00
   2.4760387e-02  -1.5297400e-01  -1.8420792e+00
  -1.0189052e-01  -2.9505085e-01  -4.3037463e+00
  -6.8829553e+00  -9.5390570e-01   6.3886511e+00
   3.3053212e-01  -2.9665440e+00   6.7002270e+00
   6.3404478e-01  -5.5363075e+00   6.4917600e+00
   1.3877160e-01  -2.1952848e-01  -5.7273783e+00
  -3.4285924e+00  -5.3483899e+00   6.9726325e+00
  -1.4762116e+01  -3.3007656e+00   1.0712131e+01
  -1.8008705e+00  -3.6762135e+00   6.3600140e+00
  -1.7793920e+00  -4.8978716e+00   6.4862777e+00
  -8.3488431e+00  -4.5920084e-01  -5.9410424e+00
  -1.2161321e+01   2.1829714e+00   6.4844501e+00
  -8.3147269e+00  -5.5663106e-01  -4.3151037e+00
  -7.0987729e+00  -3.5326195e-01  -6.9655322e+00
  -8.3933572e+00  -4.4917111e-01   2.3845789e+00
  -7.1026598e+00  -3.6851555e-01  -2.1753512e+00
  -8.3555072e+00  -5.3701655e-01   4.4771332e+00
  -1.4999682e+00  -8.6589566e-02   1.7156055e+00
  -8.4019996e+00  -4.2416597e-01   5.9911620e+00
  -3.8385007e+00  -3.7217030e-02  -8.1740606e+00
  -6.8149454e+00  -1.0675596e+01   6.4951871e+00
  -1.4857144e+01  -3.2802015e+00   1.0624907e+01
  -1.3842964e+01   2.0441786e+00   6.7033712e+00
  -7.6349938e+00  -1.0516119e+01   6.8034681e+00
  -8.3530644e+00  -5.4157733e+00   6.2656306e+00
  -8.3928184e+00  -4.2975061e+00   6.3790350e+00
  -6.3218075e+00  -5.0024176e+00   6.8112563e+00
  -6.2345385e+00  -4.9566028e+00   6.8708432e+00
  -8.7775501e+00  -1.1202822e+01   6.4648271e+00
  -8.3949767e+00  -1.2769481e+01   6.6030821e+00
  -5.8483199e+00  -4.8245060e+00   6.7998887e+00
  -7.4215366e+00  -3.1200705e+00   6.4589791e+00
  -6.8083144e+00  -6.1995765e+00   6.3981995e+00
  -6.9249723e+00  -3.6204181e+00   6.3944467e+00
  -1.3304146e+00  -5.9391930e-02   5.4995984e+00
  -6.9499950e+00  -1.8739170e+00   6.3959289e+00
   4.9336843e-01  -2.7696639e-01  -6.4188680e+00
  -6.3504851e+00  -1.3778243e+00   6.8176762e+00
  -8.6215629e+00  -5.2326204e-01  -6.9928202e+00
  -8.6070531e+00  -5.0323404e-01  -6.5967378e+00
  -1.7886483e+00  -4.8608790e+00   6.4475533e+00
  -8.5599850e+00  -5.2805951e-01  -5.4958507e+00
  -8.3655972e+00  -1.0635135e+01   6.4813305e+00
  -8.5606197e+00  -5.4471501e-01  -3.3649741e+00
  -1.1931344e+01   2.4471947e+00   6.3159720e+00
  -3.5978889e+00  -3.6056882e-02  -8.1818257e+00
  -5.0383152e+00  -1.4218138e+01   6.5415155e+00
  -1.3542331e+00  -5.6521873e-01   4.9830465e+00
  -7.7393634e+00  -1.4337011e+01   6.6324172e+00
  -8.7897792e+00  -1.2264541e+01   6.5269017e+00
  -8.5495495e+00  -1.3199695e+01   6.5029772e+00
  -8.7529469e+00  -1.2184749e+01   6.4785082e+00
  -6.9629860e+00  -1.2481097e+01   6.5806800e+00
  -8.6213691e+00  -3.4042790e+00   6.5060283e+00
  -6.3980107e+00  -1.2108289e+01   6.9328259e+00
  -6.7389490e+00  -9.9134759e+00   6.2089477e+00
  -4.2870774e+00  -5.4389602e+00   6.9631464e+00
  -8.7639548e+00  -2.6210569e+00   6.4163269e+00
  -7.4662769e+00  -1.3157923e+01   6.1559310e+00
  -7.4004301e+00  -1.3610925e+01   6.3930603e+00
  -3.6403115e+00  -2.2244302e+00   2.9019338e-01
  -1.8993472e-01  -3.1455908e-01  -2.9520106e-01
  -1.0585297e-01  -2.4057861e-01  -4.7564054e+00
  -3.8123467e+00  -5.3514455e-02   4.9700912e+00
  -3.3492624e+00  -2.9803047e-02  -8.1839798e+00
  -3.1618604e+00  -1.4250624e-01  -8.3515465e+00
  -2.7974846e+00  -4.4219493e+00   6.4386909e+00
  -8.5797582e+00  -7.7738711e+00   6.4938186e+00
  -7.5142593e+00  -5.7497883e-01  -2.2834443e+00
  -6.4498370e+00  -1.8785104e+00   6.8268419e+00
  -1.1650035e+00  -2.1095927e-02   1.8392506e+00
  -9.5780800e-01   2.5514060e-02   1.8670796e+00
  -9.5589260e-01  -1.0626995e-01  -4.2793568e+00
  -9.6078492e-01  -4.5978265e-02  -2.5155561e+00
  -6.8182554e+00  -9.1408941e+00   6.3717238e+00
  -7.3770561e+00  -7.8553623e+00   6.2889582e+00
  -1.5703398e+00  -8.2799829e-03  -2.6672954e+00
  -6.6408964e+00  -1.2588401e-01   5.4455273e+00
  -8.7298764e+00  -5.3876692e-01   2.9755067e+00
  -3.6417967e+00  -2.2141527e+00   1.8249403e-02
  -3.3954174e+00  -1.8603410e+00   1.2498524e-01
  -8.4918324e+00  -8.4508882e+00   6.5330878e+00
  -1.1698638e+00  -2.7692779e-02  -4.0628160e+00
  -1.3583816e+01  -2.9383486e+00   1.0723250e+01
  -9.5430837e-01  -1.3588889e-01  -2.7256813e+00
  -7.3617309e-01  -1.0677363e-01  -4.2742219e+00
  -7.4175838e-01  -4.9333208e-02  -4.0674835e+00
  -5.9664625e+00  -5.2045248e+00   6.8801830e+00
  -8.7526405e+00  -9.0616299e+00   6.4006013e+00
  -4.4116685e+00  -4.8695849e+00   7.0198193e+00
  -5.6291982e+00  -1.0915353e+01   6.5571154e+00
  -6.3952501e+00  -1.2197489e-01   5.4386590e+00
  -3.3192295e+00  -3.5387192e+00   6.5153665e+00
  -6.1459192e+00  -1.2958541e-01   5.4330146e+00
  -3.3733985e+00  -3.5760952e+00   6.4367494e+00
  -6.1399120e+00  -1.5940194e-01   4.9205067e+00
  -4.2391521e+00  -1.1888346e-01   6.4910957e-01
  -4.2552703e+00  -9.2750875e-02   1.3335697e+00
  -8.7256682e+00  -5.4456143e-01   7.6635643e-01
  -4.0573837e+00  -5.1638499e-02   5.4674423e+00
  -4.0203333e+00  -1.9033607e-01   4.7095007e+00
  -3.5646336e+00  -5.9230652e-02   4.9601201e+00
  -5.9600148e+00  -5.7746715e+00   6.8255875e+00
  -1.3717733e+00  -3.0717204e-01  -4.5197879e+00
  -8.3381372e+00  -4.8572247e-01  -4.0468509e+00
  -8.3391308e+00  -4.9000657e-01  -1.8981985e+00
  -6.7545875e+00  -6.5175713e+00   6.4128498e+00
  -7.5383629e-01  -2.6564133e-02   1.3471699e+00
  -5.7593532e+00  -1.2389417e+01   6.9793334e+00
  -1.3558335e+01  -2.3218650e+00   9.9748917e+00
  -6.6270038e+00  -1.6822213e-01   4.9071886e+00
  -3.6314067e+00  -2.2406560e+00   4.5445655e-01
  -3.3167508e+00  -7.7324896e-02   4.9405145e+00
  -4.1791748e+00  -5.8634767e+00   7.0429747e+00
  -9.5025043e-01  -3.0774461e-02   1.6444961e+00
  -1.3550750e+01  -1.9112685e+00   9.9723392e+00
  -3.1376832e+00  -1.0635398e+01   6.5447954e+00
  -6.3215080e+00  -8.5160994e+00   6.8665667e+00
  -4.2492426e+00  -8.7982569e-02   1.1587708e+00
  -3.8193949e+00  -2.1825592e+00   3.6788994e-01
  -4.2941538e+00  -8.3362666e-02   5.4428413e+00
  -1.3673225e+00   1.8410526e-02  -2.6611540e+00
  -3.3197674e+00  -9.1376341e-02   5.2499390e+00
  -8.3264314e+00  -1.0682304e+00   6.3203394e+00
  -4.3103362e+00  -6.1888313e-02  -7.1831092e+00
  -1.1572567e+00   1.2622701e-02  -2.6687034e+00
  -5.6830560e-01  -2.9343509e-01  -5.6560059e+00
  -9.7735235e-01   7.4725864e-02  -8.1693928e+00
  -7.5789364e-01   8.4305761e-02  -8.1657614e+00
  -7.3308884e+00  -1.4056320e+01   6.9656854e+00
  -6.4502418e+00  -5.4624164e+00   6.9235061e+00
  -7.4630632e-01   1.9472292e-02   1.8542040e+00
  -5.6072495e+00  -1.0978331e+01   6.4905568e+00
  -1.3459452e+01  -3.0878224e+00   1.0481328e+01
  -8.7733917e+00  -1.5235179e+00   6.4301827e+00
  -3.5669792e+00  -1.2139702e-01   5.2301896e+00
  -8.7293693e+00  -5.3606011e-01   1.8621504e+00
  -1.1883961e+00   4.8387788e-02  -8.1825754e+00
  -1.6794182e+00  -3.9001588e+00   6.2977907e+00
  -1.0362349e+00   1.7208618e+00  -6.3247465e+00
  -1.1527256e+00  -6.1186438e-02   1.6350495e+00
  -1.0786079e+01  -5.9518481e+00   9.3585642e+00
  -4.0450586e+00  -9.3313395e-02   5.2563585e+00
  -1.7420950e+00  -1.0637460e+01   6.5934559e+00
  -1.0031813e+01  -1.0780973e+01   8.7263347e+00
  -7.5570873e+00  -1.0878606e+01   7.8526427e+00
  -3.1664365e+00  -1.0264777e-01  -7.3141727e+00
  -5.9911697e+00  -5.1485410e+00   6.9165448e+00
  -5.5056117e+00  -1.4239431e+01   6.3494507e+00
  -4.5567198e+00  -1.3455360e+00   6.8643011e+00
  -7.3755817e-01   2.6972179e-03   1.6577023e+00
  -5.9494175e+00  -1.2695166e+01   6.9159560e+00
  -8.7299765e+00  -5.1997773e-01  -6.8220504e+00
  -1.1777463e+01  -4.7993890e+00   1.0234002e+01
  -1.7418856e+00  -1.5202060e-01   1.3544313e+00
  -8.7613998e+00  -1.1210916e+01   6.4114732e+00
  -1.1996036e+00  -1.9806124e-01  -5.7236236e+00
  -7.3850043e+00  -3.8383428e+00   6.3716156e+00
  -1.4078844e+00   7.5009864e-02  -8.1651724e+00
  -8.7585594e+00  -1.0134094e+01   6.4056441e+00
  -8.7415682e+00  -5.1700796e-01  -7.9105324e+00
  -8.3336647e+00  -1.0859683e+00   6.3497644e+00
  -1.1955528e+01  -7.5644191e+00   1.0360434e+01
  -1.0602121e+01  -3.9750285e+00   9.2636756e+00
  -2.3078656e-01  -3.4152406e-01  -7.3011755e+00
  -4.1890024e+00  -1.1848636e+01   6.9651510e+00
  -7.2254396e+00  -3.1528419e-01  -5.3809001e+00
  -8.3406128e+00  -4.8763506e-01   4.6745984e+00
  -7.4272266e+00  -7.6058149e-01   7.3467565e+00
  -1.4118703e+00   3.2719137e-02  -7.1903570e+00
  -7.9955846e+00  -1.0838039e+01   6.3934345e+00
  -8.0027906e+00  -1.0714404e+01   6.4029747e+00
  -8.3499406e+00  -4.7329262e-01  -7.3127640e+00
  -2.2616670e-01  -1.0193964e+00   6.4072520e+00
  -7.6366573e+00  -5.5160335e-01  -5.7025684e+00
   2.2981449e-01  -2.6235060e-01  -6.6286213e+00
   2.2844964e-01  -1.8887289e-01  -6.9218997e+00
  -1.3978540e+01   2.4294994e+00   6.6762809e+00
  -2.2339006e+00  -2.8338624e+00   6.6629728e+00
  -1.3934135e+01   2.4170444e+00   6.7326645e+00
  -1.7786522e+00  -4.8849310e+00   6.4578527e+00
  -4.0253245e-01  -7.5876338e-02  -6.8306923e+00
  -1.3964114e-01  -8.5560681e+00   7.1213673e+00
  -8.5834106e+00  -5.2997011e+00   6.5104292e+00
  -4.0948519e+00  -5.4929981e+00   6.9118470e+00
  -8.3693112e+00  -4.3848901e-01  -8.4143894e+00
  -3.6782703e+00  -8.4012299e+00   6.9335281e+00
  -8.7994052e+00  -9.0124874e+00   6.5229792e+00
  -8.3575785e+00  -8.5023117e+00   6.4487673e+00
  -9.6776034e+00  -5.9164715e-01   8.3733699e+00
  -4.2613524e+00  -1.0644454e-01   1.8132126e+00
  -3.5444450e+00  -1.6436056e-01   4.7106192e+00
  -5.8161748e+00  -1.2653403e+00   6.8771076e+00
  -2.1665213e-01  -6.6713720e-01  -5.2126655e+00
   2.2298111e-01  -2.0353579e-01  -7.2867608e+00
  -1.2534387e+01  -2.4581471e+00   9.7407378e+00
  -1.9647827e+00  -2.8331990e-01  -5.4541910e+00
  -1.2441515e+01  -2.7161179e+00   9.7715738e+00
  -8.7114574e+00  -5.5294098e-01  -5.7241270e+00
  -1.0799884e+01  -2.3624319e+00   9.3067150e+00
  -8.3476594e+00  -4.4865282e-01  -6.1970523e+00
  -7.8222888e+00  -5.1538398e-01  -5.6790693e+00
  -2.2126161e-01  -2.0475004e-01  -2.1297686e+00
  -8.7764628e+00  -6.9111963e+00   6.4233830e+00
  -2.2048365e-01  -2.4549443e-01  -1.6480661e+00
  -4.2858840e+00  -1.5595352e-01   5.2319727e+00
  -5.7745263e+00  -4.8786601e+00   6.8820327e+00
  -5.8736094e+00  -1.1172527e+01   6.5366666e+00
  -7.4393560e-01  -2.4150348e-02   1.1639828e+00
  -3.0100168e-01  -8.5791397e+00   6.4091922e+00
  -4.7046419e+00  -1.2446813e+00   6.8875208e+00
   1.0788478e-01  -3.0725953e-01   5.4898835e-02
   9.5222215e-02  -2.7695722e-01   1.1445027e-01
   3.2762555e-02  -2.2838994e-01  -4.9622410e+00
  -8.3333379e+00  -4.7410292e-01  -5.1313752e+00
  -1.0243510e+01   1.5117854e+00  -4.4474034e+00
  -2.5750279e-01  -1.3773514e+01   6.5024944e+00
   3.0519003e-01  -1.3754429e-01  -7.6058236e+00
  -1.3843292e+01  -7.3185323e-01   1.3455448e+01
   3.0922107e-02  -2.2865384e+00   6.4051431e+00
  -5.3451995e+00  -1.3851632e+01   6.5866089e+00
   2.9658383e-01  -2.5171078e-01  -6.3065008e+00
  -4.8651685e+00   5.7207854e+00   4.2879043e+00
  -1.2543217e+01  -3.1349352e+00   1.0547910e+01
  -6.2329073e+00  -8.4844483e+00   6.8879143e+00
   1.0894644e-01  -2.8710618e-01   1.0243730e+00
  -4.4729758e+00  -2.1047852e-01   1.2621165e+00
  -4.1044750e+00  -2.2565550e-01  -6.3140866e+00
  -4.3542541e+00  -1.6489183e-01   1.0575085e+00
  -3.0628765e+00  -2.9794259e+00   6.2791464e+00
   4.1541662e-01   6.3677927e-03  -6.6931951e+00
  -3.9619827e+00  -8.3237072e+00   7.0502487e+00
  -2.5336271e+00  -2.1522936e+00   6.4565635e+00
   4.2755680e-01  -8.7798115e+00   6.4177254e+00
   5.2775489e-01  -8.1735421e+00   6.4814511e+00
  -8.3441908e+00  -2.0778032e+00   6.3980361e+00
  -3.7055400e+00  -1.4224154e-01   2.0336648e+00
  -3.2958010e+00  -3.5129895e+00   6.5111103e+00
  -6.7756310e+00  -3.7105613e-01   2.1596019e+00
   1.0576223e-01  -9.3210096e+00   6.5088810e+00
  -3.4421071e+00  -1.1793413e+01   7.0465471e+00
   5.5839880e-02  -1.3467074e+01   6.4956897e+00
  -6.9557014e+00  -3.3088827e-01   5.0242325e+00
  -7.0585560e+00  -6.0486881e-01   6.4066660e+00
   1.8528278e-01  -6.1550667e+00   6.5684703e+00
  -9.0154288e+00   1.3573105e+01   3.6389870e+01
  -3.3762046e+00  -5.2345692e-02   8.0195175e-01
  -9.6107043e+00   1.9975485e-01   1.2476767e+00
  -6.6445989e+00  -1.8147044e-01   1.9303181e+00
  -5.4503562e+00  -2.6848162e-01  -5.6316993e+00
   9.0495007e-02  -2.3714302e-01  -6.3577900e+00
  -1.5826199e+00  -2.1307950e-01   5.0943295e+00
  -3.3164985e+00  -6.0298645e-02  -2.4965968e+00
  -1.0320309e+00   9.8785950e-03  -7.6356672e+00
  -1.3657953e+01   2.1861216e+00   6.7929546e+00
  -7.2382808e+00  -2.9247404e-01   2.3752116e+00
  -4.0434078e+00  -1.1103068e-01   9.2450619e-01
  -4.0317910e+00  -1.2640012e-01   1.3877171e+00
  -3.2110292e+00  -3.6373304e+00   6.4906674e+00
  -1.5142261e+01  -3.0840208e+00   1.0719991e+01
  -3.6916861e+00  -5.3570659e-02  -3.9314685e+00
  -7.3375755e+00  -8.8824259e+00   6.9409059e+00
  -9.3700381e-01   3.1051294e-02  -7.7908251e+00
  -3.2558366e+00  -5.4824226e+00   7.0672121e+00
  -1.0238143e+01  -4.6251296e+00   8.8606884e+00
   1.4727402e-02  -3.1192305e-01  -4.9718266e+00
  -3.0534705e+00  -1.1884102e+01   6.7646235e+00
  -2.1989178e+00  -3.1841301e+00   6.3554432e+00
   3.0386759e-01  -3.6787614e+00   6.5024769e+00
  -3.1184625e+00  -4.0026982e+00   6.6638142e+00
   4.0581479e-01  -3.5386306e+00   6.6544176e+00
  -3.2843073e-01  -2.9048855e-01  -8.3983213e+00
  -3.4523338e+00  -3.6934664e+00   6.4632449e+00
  -8.5812769e+00  -8.3018239e+00   6.5073543e+00
  -2.6303218e+00  -3.0405680e+00   6.4157924e+00
  -5.9722651e+00  -2.3635015e+00   6.8021890e+00
  -1.1077843e+01  -8.4588197e+00   9.5553770e+00
   6.2455422e-01  -1.2416129e+01   6.5290496e+00
  -2.5338230e-01  -5.5911490e+00   6.6321643e+00
   7.8935457e-02  -2.9496564e-01   1.0594094e-01
  -1.2401616e-01  -9.5867539e+00   6.5283740e+00
   5.9448637e-01  -8.0486935e+00   6.4492128e+00
  -3.8722201e-01  -2.2108404e-01  -3.0562494e+00
  -2.5696625e-01  -1.3921266e+00   6.4443604e+00
  -3.9182922e-01  -2.9062641e-01  -4.6745119e+00
   6.1584630e-01  -1.1850089e+01   6.6015881e+00
  -1.1394558e+01  -4.1509856e+00   9.8252153e+00
  -1.3557185e+01  -2.6070314e+00   9.9901436e+00
  -1.8202032e-02  -1.0743848e+00   6.3995248e+00
  -1.3417144e+01  -1.6131668e+00   9.9799873e+00
  -3.9510080e-01  -1.6957895e-01  -5.1150289e+00
   1.8677460e-01  -2.5589069e-01  -8.3751317e+00
  -1.1838929e+00  -1.8290568e-01   2.1917397e-01
   2.9678224e-01  -2.9748935e-01   2.8173187e+00
  -8.6615181e+00  -1.1518183e+01   6.5959270e+00
  -1.5729224e-01  -3.8809863e-01   6.0292506e+00
  -5.0615298e-02  -3.2815327e-01   2.7095384e+00
  -7.5969718e+00  -1.3937287e+01   6.3269571e+00
  -1.8080436e+00  -2.7008631e+00   6.5522250e+00
   4.9989232e-01  -3.0048738e-01   1.4314041e+00
  -9.9467966e+00  -1.2926080e+01   8.6502743e+00
   6.9411381e-02  -2.0737758e-01   3.1818596e+00
  -3.8807098e-01  -2.2449702e-01  -3.0585618e+00
  -8.7053217e+00  -1.2210230e+01   6.5170529e+00
  -7.2093475e+00  -6.5840116e+00   6.7302385e+00
  -3.0270794e+00  -4.2204523e+00   6.3341148e+00
   4.6586011e-01  -3.3413666e-01  -7.7197617e-01
  -2.3468357e-01  -9.5127231e+00   5.6341586e+00
  -3.6210371e+00  -4.5404161e+00   6.9357630e+00
  -3.0333165e+00  -8.8127058e+00   6.8834308e+00
  -1.3986611e-01  -7.6786484e+00   5.8486011e+00
  -2.6634754e-01  -3.5919835e-01   6.2124611e+00
  -4.4132211e-01  -1.2870609e+00   6.5069591e+00
   5.1858619e-01  -3.0267765e-01  -9.2743744e-01
   1.2353557e-01  -2.0510542e-01  -3.9581901e+00
   7.9481015e-01  -6.0873798e+00   6.5442766e+00
   1.1344562e-01  -9.3025950e+00   6.5483868e+00
  -7.0275846e+00  -4.9553326e+00   6.4073932e+00
  -3.3816439e+00  -4.7061649e-02   1.3097146e+00
  -1.2088960e+01  -3.1406860e+00   1.0562992e+01
  -1.1921977e+01  -2.7576557e+00   1.0204751e+01
  -2.3863033e-01  -1.0253439e+01   7.0843461e+00
  -1.1899805e+01  -1.7458010e+00   9.9596766e+00
  -5.2709084e-01  -1.8950361e-01  -1.9553933e+00
   4.1021636e-01  -3.8317268e-01  -1.0736594e+00
   4.0394185e-01  -3.1930973e-01  -1.6645136e+00
  -4.2761724e-02  -2.2645237e+00   6.4799261e+00
  -5.6235776e+00  -7.0278513e+00   7.0259495e+00
   9.6796617e-02  -2.9124156e-01  -2.2348817e+00
  -2.0748490e+00  -3.6347281e+00   6.3604239e+00
  -2.7254789e-01  -2.9687347e-01  -5.1427479e+00
   5.8221424e-01  -1.2765599e+01   6.5252885e+00
  -3.6135819e-01  -2.3204078e-01  -1.0558594e+00
  -8.6547066e+00  -1.3665446e+01   6.5563533e+00
  -1.0969498e+00  -6.1098444e-02   1.3453631e+00
  -3.5704876e-01  -2.0780956e+00   6.4466347e+00
  -6.8337416e+00  -3.8392030e-01  -2.0337273e+00
  -3.1493169e+00  -1.8698312e+00   2.1226671e-01
  -3.0915598e+00  -4.0684024e+00  -6.4827262e-01
   6.5085687e-01  -1.0334695e+01   6.4377757e+00
  -1.0686037e+00   7.5583952e-03   1.8649960e+00
  -9.9869111e+00   2.8768842e-01   8.6856197e+00
   6.1841289e-02  -2.9102311e-01   2.5362718e+00
  -4.9352400e+00   5.6520064e+00   4.3783274e+00
   5.5092740e-01  -9.9020849e+00   6.4680552e+00
  -3.7075353e+00  -2.2240044e+00   5.5848259e-01
  -6.3577118e+00  -1.9627591e-01   5.4751520e+00
   4.0512415e-01  -3.2366298e-01  -2.1499598e-01
  -6.0013636e+00  -1.2291503e+00   6.8860491e+00
  -4.8564398e+00  -1.1535777e+01   6.9739770e+00
  -3.2473661e+00  -5.1810563e+00   6.8772041e+00
  -8.6404713e+00  -6.5533719e+00   6.4453606e+00
  -1.1347017e+01  -1.7861148e+00   9.8478788e+00
  -4.0273874e+00  -7.1755332e-02   9.5417817e-01
  -8.2401301e+00  -3.3839773e+00   6.4091961e+00
  -1.0375737e+00  -1.6649305e-03   1.4313701e+00
  -3.0241557e+00  -8.9137944e+00   6.9323824e+00
  -6.3708462e+00  -9.5276322e-02   5.0721675e+00
  -3.0490387e+00  -1.1884187e+01   6.7384605e+00
  -9.7235269e+00  -1.2515060e+01   8.5064451e+00
   7.9018323e-01  -1.1412263e+01   6.4703956e+00
   6.9027850e-01  -3.6012238e-01  -2.6316275e+00
  -1.8530954e+00  -4.1474659e+00   6.4577997e+00
  -1.2607970e+01  -2.9523310e+00   1.0082908e+01
  -6.2461100e+00  -1.2075845e+01   6.9120829e+00
  -3.1978596e+00  -1.2278588e+01   6.8962088e+00
  -3.6978825e+00  -8.2287603e-02   5.0480542e+00
  -2.2809393e-02  -1.9076972e+00   6.4171794e+00
  -8.6416047e+00  -8.6912834e+00   6.4648198e+00
   8.1766515e-01  -8.9161190e+00   6.4760163e+00
  -7.8654308e+00  -4.6064350e-01  -6.1421842e+00
  -5.9170104e+00  -1.1798995e+01   6.9453627e+00
   6.3208821e-01  -1.2940296e+01   6.4151499e+00
  -6.1631618e-01  -1.7888178e-01  -6.3999042e+00
  -7.5198604e+00  -8.3991585e+00   6.1428399e+00
  -2.2499586e+00  -3.2594390e+00   6.2819541e+00
  -1.0084246e+01  -1.3696484e+01   8.8674165e+00
   5.6425911e-01  -6.1461470e+00   6.4191956e+00
  -7.6085537e+00  -1.1937931e+01   6.3378066e+00
   4.0429742e-01  -3.3324355e-01  -1.6691375e+00
  -1.8682729e-01  -1.2318526e+01   6.8648343e+00
  -1.8471346e+00  -2.0309734e-01   1.3270494e+00
  -1.2593493e+01  -3.0514294e+00   1.0186602e+01
  -1.3376955e+01   2.7683736e+00   6.4416448e+00
  -2.2536560e+00  -3.6919450e-01   6.2862646e+00
  -1.4897569e+01  -3.1063230e+00   1.0571532e+01
  -7.1281650e+00  -1.2855084e+01   5.9345992e+00
  -8.5307360e+00  -5.3729962e-01   5.2747533e+00
  -5.5076286e+00  -1.0020263e+01   6.5723151e+00
  -1.2789273e-01  -2.8601893e-01   9.9761233e-01
  -3.6702116e+00  -7.3642893e-02   1.9053931e+00
  -2.1280586e-01  -1.2084733e+01   6.7379578e+00
  -1.0912120e+00   2.7294754e-02  -7.6879712e+00
  -2.5642863e-01  -5.7129497e+00   6.4026144e+00
   3.5909498e-01  -8.5941904e+00   6.3591011e+00
  -1.0247996e+01  -1.3564917e+01   8.9979046e+00
  -8.5857677e+00  -8.3362262e+00   6.4392560e+00
  -9.9685613e+00  -1.1379281e+01   8.6941077e+00
  -5.6775674e+00  -1.1861852e+01   7.0762381e+00
  -1.1937349e+01   2.3322016e+00   6.4575474e+00
  -1.1509587e+01  -1.0181162e+01   9.9434635e+00
  -1.6365720e+01  -2.2346219e+00   1.0830464e+01
  -1.6278724e+01  -2.2855886e+00   1.0749601e+01
  -1.0759045e+01   4.4054834e-01   9.3524910e+00
  -8.5121944e+00  -5.0671173e-01   3.1982573e+00
  -1.1813607e+01  -4.1936572e+00   1.0230439e+01
  -1.0971980e+01  -1.2428957e+01   9.5705377e+00
  -1.2027332e+01  -3.0940151e-01   1.0377829e+01
  -1.0954688e+01  -4.4999707e+00   9.4846733e+00
  -1.6562018e+01  -2.2828598e+00   1.0761450e+01
   7.4453665e-01  -1.2652947e+01   6.5199684e+00
  -5.8139351e+00  -3.5596170e+00   6.6714425e+00
  -4.0364512e-01  -3.1877627e-01   6.4657687e+00
  -1.2566487e+01  -1.2853253e+01   1.1026835e+01
  -3.7422974e+00  -1.2251361e-01   5.5445855e+00
  -3.2613592e-01  -2.4791029e-01  -5.9844152e+00
  -5.6628050e+00  -5.9436293e+00   6.9933769e+00
  -5.6417508e+00  -1.2436677e+01   6.8977575e+00
   5.7115165e-01  -6.1656694e+00   6.3772466e+00
  -1.3761623e+01   2.3368513e+00   6.4753498e+00
  -7.5635310e+00  -8.2871623e+00   6.2488891e+00
  -1.7843200e+00  -2.8057306e+00   6.3720887e+00
  -8.6612623e+00  -1.5653998e+00   6.3999085e+00
  -1.2155902e+01   7.8812358e-01   1.0550586e+01
  -3.4551082e+00  -5.1724886e+00   6.8994123e+00
   6.9506025e-01  -5.0056911e+00   6.5095608e+00
  -4.1734553e+00  -2.1361889e-01   5.6634336e+00
   6.3041645e-01  -3.5690924e-01  -3.3401692e+00
  -7.1641991e+00  -3.7798860e-01   1.4650172e+00
  -3.3177212e+00  -9.6098090e-01   6.7893964e+00
  -1.2025950e+01  -4.6768464e+00   1.0515121e+01
  -8.2465029e+00  -4.3822570e-01   3.5169671e-01
   4.8923836e-01  -1.0970487e-01  -4.9621359e+00
   6.2388017e-01  -2.8743487e-01  -4.9149640e+00
   6.1742498e-01  -1.0886837e+01   6.4905587e+00
   4.6516241e-01  -3.1921060e-01  -1.0834267e+00
  -5.0518736e-01  -2.6673351e-01  -2.6092467e+00
  -7.0057059e+00  -3.6499318e+00   6.2914884e+00
  -1.1826320e+01  -1.2696541e+01   1.0319213e+01
  -1.4940842e+00  -2.1222495e-01   2.0136539e+00
  -7.2214108e+00  -4.5158669e-01  -5.5023557e-01
  -3.6738444e-01  -2.0253353e+00   6.5539492e+00
  -3.9577504e+00  -5.5404677e+00   6.8920400e+00
  -1.0017088e+01  -1.2911818e+01   8.7799013e+00
  -3.6349088e-01  -2.5907856e-01  -5.5834927e+00
   6.8369035e-01  -2.0887708e+00   6.3685132e+00
  -8.5926990e+00  -8.3268178e+00   6.4555103e+00
  -5.2062177e-01  -2.6739120e-01   2.9926475e+00
   6.2360870e-01  -2.0040223e-01  -6.4826026e+00
  -3.3174101e-01  -1.4414126e+00  -7.0779578e+00
  -1.2663048e+01  -2.3593457e+00   9.8099454e+00
  -4.5352199e+00  -5.1646728e+00   6.9011923e+00
  -1.3471473e+01  -1.7515545e+00   9.8334029e+00
  -1.3751409e+01   2.8869914e+00   6.4577440e+00
  -7.2400665e+00  -1.0565347e+01   6.4048469e+00
  -7.1811629e+00  -4.4345526e+00   6.1639648e+00
  -7.3089373e+00  -5.3415364e-01   6.5729124e+00
  -8.4972297e-01  -1.6090952e-01  -5.1039453e+00
  -4.4148601e-01  -1.5502313e-01  -3.0109214e+00
  -5.1434711e-01  -2.2512159e-01  -4.1419576e+00
  -3.4143104e-02  -3.3714835e-01   6.4788361e-01
  -1.2694147e+01  -1.8628647e+00   9.8652791e+00
  -1.3203304e+00  -1.3496545e-01  -7.0058626e+00
  -3.9002645e-01  -2.7405357e-01   6.5779182e+00
  -7.3544429e+00  -1.1761816e+01   6.0846823e+00
  -8.5426528e+00  -4.8277237e-01  -8.2001296e+00
  -6.0611819e-01  -1.5898029e-01  -6.4060511e+00
  -7.2083617e+00  -7.8322783e+00   6.3157028e+00
  -2.0319169e+00  -3.1795426e-01  -5.3935724e+00
   5.3986369e-02  -3.1060775e-01   2.4419187e+00
  -3.7623491e-01  -1.7602877e-01   1.4034882e+00
  -8.5552715e+00  -4.6358433e-01  -2.7808273e+00
  -3.6843923e-01  -3.1104047e-01   5.8424004e-01
   1.7919155e-01  -4.1125957e-01  -7.9618245e+00
  -9.9205264e+00   1.2162923e+00   6.8863329e+00
   9.7162508e-01  -1.3923925e+01   6.3068567e+00
  -5.9048593e+00  -1.1802860e+01   6.8879911e+00
  -7.1821023e+00  -1.2435301e+01   6.5866552e+00
  -5.1103633e-02  -2.0480921e-01  -2.0514739e+00
  -8.5563733e+00  -4.9580701e-01  -5.9947542e+00
  -5.6822151e-01  -2.9071468e-01  -3.4868419e+00
  -1.4351457e+00  -2.1837784e-01   4.5999983e+00
  -1.4464006e+00  -2.3049896e-01   4.6547297e+00
  -6.2574943e-01  -2.8694400e-01  -6.1891043e-01
  -6.3865902e+00  -8.7526714e+00   6.8943322e+00
  -2.4842741e+00  -3.8553110e+00   6.4453235e+00
  -5.6754869e-01  -2.4247478e-01  -3.4780360e+00
  -8.6042672e+00  -4.5942011e-01  -7.1272148e+00
  -5.8936455e+00  -9.5719542e+00   6.8192765e+00
   7.1665631e-01  -1.0668450e+01   6.4617816e+00
  -5.6572249e+00  -1.1875158e+01   6.9748151e+00
  -9.7468797e+00  -4.0272246e+00   8.4459927e+00
  -7.3172090e-02  -2.1768338e-01  -1.2405532e+00
  -4.6756312e+00   3.0587235e-01   1.7872069e+00
  -6.3815237e+00  -1.4967567e+00   6.8997748e+00
  -3.4489788e-01  -2.1407908e-01  -5.1919763e+00
  -7.1656078e-01  -2.1438039e-01  -3.4452610e+00
  -9.5930524e+00   1.4445923e-01  -7.2109264e+00
  -7.4492547e+00  -1.1100936e+01   6.3230039e+00
  -6.6031270e+00  -8.4189412e+00   6.4865046e+00
  -1.3990595e+01  -2.1302729e+00   1.0000874e+01
  -1.1309033e+01  -3.7571012e+00   9.8004150e+00
  -1.1946771e-01  -2.7588240e-01  -8.0950193e-01
  -6.9923677e+00  -3.6786291e+00   6.2819088e+00
  -7.0794697e+00  -3.9244936e+00   6.3525727e+00
  -1.3251994e+01  -2.9635794e+00   1.0285706e+01
   1.0011569e-01  -1.7542014e-01  -7.9715764e+00
  -6.0326607e+00  -9.2122938e+00   6.9024878e+00
  -2.6825594e-01  -3.2257168e-01  -2.8002150e+00
  -4.1229186e+00  -8.9115142e+00   7.0001604e+00
  -1.1386286e+01  -9.0197537e+00   9.7917832e+00
  -1.1240645e+01  -8.4406673e+00   9.6866419e+00
  -1.0832418e+01  -4.2650644e+00   9.4614130e+00
  -1.0166860e+01  -1.0863422e+01   8.8671201e+00
  -7.4611370e+00  -9.7741771e+00   6.3441892e+00
  -7.4476611e+00  -1.0836168e+01   6.3116206e+00
  -9.9782292e+00  -2.7623238e+00   8.6961577e+00
  -1.0835441e+01  -5.0407350e+00   9.4195872e+00
  -1.1334325e+01  -1.1979041e+01   9.8383453e+00
  -9.9715084e+00   1.2886328e+00  -5.2736514e+00
  -1.1216588e+01  -4.8530655e+00   9.6909863e+00
  -1.0826862e+01   1.8955340e+00  -3.7078549e+00
  -9.8340515e+00  -8.5712664e+00   8.4708317e+00
  -1.1055989e+01   2.0632308e+00  -4.0365153e+00
  -1.0779088e+01  -1.0777175e+01   9.2939460e+00
  -1.1027352e+01  -1.2766397e+01   9.6165795e+00
  -7.2682840e+00  -3.5930961e-01  -7.3636895e+00
  -6.8890805e+00  -3.6976987e+00   6.4915260e+00
  -6.2254855e+00  -1.2391006e+01   6.9927283e+00
  -8.6357898e+00  -4.4644218e-01  -2.3627524e+00
  -1.1960569e+01   2.1963453e+00   6.5013768e+00
  -5.3680281e+00  -3.7292681e+00   6.4801448e+00
  -6.8513048e+00  -1.2158607e+00   6.2766087e+00
  -4.3039019e+00  -8.1927252e+00   7.0070313e+00
  -1.1978329e-01  -1.3860133e+01   6.4892179e+00
   6.0447946e-01  -1.1061044e+01   6.4762331e+00
  -1.2650230e+00   4.5460139e-02  -8.1318734e+00
  -3.7521355e-01  -3.0940958e-01   2.0776050e+00
   2.6270306e-01  -2.8346186e-01  -3.9914951e+00
   4.3895189e-01  -2.9435105e-01  -6.5128012e+00
  -1.0977758e+00  -2.8561190e-02   1.3515496e+00
  -3.8491505e+00  -2.9208324e+00   6.5340987e+00
  -1.3995918e-01  -1.9496460e-01  -6.4745921e+00
   1.4849182e-01  -2.2788893e-01  -6.7632779e+00
  -1.2663094e+00   3.2316202e-02  -7.6436523e+00
  -1.0018725e+01  -1.2942310e+01   8.7803333e+00
  -1.2424203e+01  -2.9301034e+00   1.0047928e+01
   2.3039859e-01  -2.4581742e-01  -4.9390527e+00
  -6.3702803e+00  -5.0589571e+00   6.8115375e+00
  -1.3556260e+01  -2.8993177e+00   1.0515435e+01
  -4.0072056e+00  -1.1953491e+01   7.0102131e+00
  -6.8414661e+00  -1.0739802e+01   6.5170940e+00
  -1.0501780e+01  -7.3712152e+00   9.0828537e+00
  -3.0819923e-01  -1.0741581e+01   6.5425522e+00
  -2.4479826e-02  -1.3161958e+01   6.5394262e+00
   5.9542579e-01  -1.0146592e+01   6.4082653e+00
  -7.6984092e+00  -1.0463855e+01   6.5107234e+00
  -7.1575265e+00  -1.7744301e+00   5.7531639e+00
  -1.0264161e+00   5.5551594e-03   1.8570973e+00
  -7.0778194e+00  -4.2962405e-01   4.5504736e+00
  -8.9903562e-01  -7.2076438e-03   8.8663622e-01
  -6.0310486e+00  -1.1812206e+01   6.9643928e+00
  -9.0345293e-01  -2.5873350e-02   1.3516444e+00
  -6.1999894e+00  -8.3570665e+00   6.9395831e+00
  -3.8856161e-01  -2.1593704e-01  -4.5931325e+00
  -5.8837478e+00  -4.9428822e+00   6.8600641e+00
  -4.5293758e+00  -2.7850841e-01  -3.8772794e+00
  -4.3540528e+00  -1.0763719e+01   6.5326252e+00
  -4.5246750e+00  -3.0613321e-01   1.9280245e+00
   6.3825995e-01  -2.7028499e-01  -6.0042777e+00
  -1.2629072e+01  -2.8586279e+00   1.0000481e+01
  -4.5214998e+00  -2.9037273e-01   5.5600025e+00
  -3.2852541e+00  -1.0762837e+01   6.5480117e+00
  -8.3430759e+00  -7.6891811e+00   6.4358139e+00
  -2.5560200e+00  -4.7808919e+00   6.4104030e+00
  -2.1030723e+00  -1.0771815e+01   6.5844594e+00
  -1.4866889e+00   3.5447583e-02  -7.6448512e+00
  -7.4394141e-01  -2.3706434e-01   3.6232818e+00
   1.2446250e-01  -2.0690856e-01  -7.2363520e+00
   4.7281892e-01  -2.6945329e-01  -7.8800659e-01
  -9.3285102e-01  -1.3571532e+01   6.6317491e+00
  -1.1205227e+01  -7.9588780e+00   9.6537914e+00
  -1.0545422e+01  -4.1117970e+00   9.1651590e+00
  -7.8029431e+00  -1.0831955e+01   6.4545993e+00
  -8.1764596e+00  -1.4369264e+01   6.5562046e+00
  -7.2386989e+00  -1.4252203e+01   6.5741571e+00
   6.6139488e-02  -2.1863722e-01  -4.8243596e+00
  -8.3577735e+00  -8.2550445e+00   6.4710607e+00
  -6.1559843e+00  -1.4305018e+01   6.6153356e+00
   5.7930547e-01  -2.9638559e-01  -1.1491597e+00
  -5.4884430e+00  -1.4143726e+01   6.6043653e+00
  -6.3106398e+00  -2.0947477e+00   6.8498398e+00
  -4.2668625e+00  -1.2687641e-01   1.8908234e+00
  -2.6975177e+00  -3.2113057e+00   6.4084854e+00
  -1.8430143e+00  -2.1553189e-01  -5.5447262e+00
  -5.0741956e+00  -1.3912936e+01   6.6536529e+00
   6.2126670e-01  -2.5533508e-01  -7.0309493e+00
  -8.3319285e+00  -5.0274761e-01  -2.1283531e+00
  -7.1149964e+00  -3.3846565e-01   6.4769829e+00
  -1.1350098e+01  -1.6713638e+00   9.8616713e+00
  -7.7675784e+00  -1.4086307e+01   6.5893870e+00
  -1.1259022e-01  -2.4798909e-01  -1.2874161e+00
   5.4822282e-02  -2.3300470e-01  -5.2225315e+00
  -7.1240712e+00  -1.0553065e+01   6.4898214e+00
  -6.1464382e+00  -8.8674804e+00   6.9315492e+00
  -5.5154517e+00  -1.0760230e+01   6.5405883e+00
  -5.8093282e+00  -8.2908199e+00   6.8534178e+00
  -5.6049960e+00  -7.7554890e+00   6.4785025e+00
  -7.3412960e+00  -7.4460837e+00   6.4506102e+00
  -4.5299767e+00  -3.1347564e-01   3.7935829e-01
  -4.2533556e+00  -1.1082595e-01   9.7330791e-01
  -7.0558729e+00  -3.9202492e-01  -2.8983095e+00
  -7.8577402e+00  -1.2860829e+01   6.6127356e+00
  -5.3818366e-01  -2.5049973e-01   3.7020063e+00
  -1.6039548e-01  -5.3995328e+00   6.4775288e+00
   1.2135367e-01  -2.2135840e-01  -6.2680749e+00
  -8.5727495e+00  -8.8543275e+00   6.4551266e+00
  -8.3821034e+00  -4.2946483e-01  -3.7412356e+00
  -8.6457117e+00  -3.4338452e+00   6.4430736e+00
  -8.7082966e+00  -6.0822303e+00   6.4346665e+00
  -8.3532218e+00  -4.5832542e-01   1.6357908e+00
  -7.0896826e+00  -3.4359184e-01   2.0986081e+00
  -5.7459068e+00  -8.5927095e+00   6.8024546e+00
  -5.5589861e+00  -1.0061308e+01   6.5476370e+00
  -5.0134775e+00  -1.4073959e+01   6.7104058e+00
  -5.8311846e+00  -4.7410607e+00   6.9256730e+00
  -1.0900923e-01  -2.6465806e-01  -4.7032277e+00
  -8.5431655e+00  -7.9043658e+00   6.4809790e+00
  -1.8156244e+00  -2.3158147e-01  -2.9796038e+00
  -1.4806314e+01  -3.2826402e+00   1.0710276e+01
  -1.0230129e-01  -2.7303408e-01  -4.7371581e+00
   2.7995922e-02  -9.5159906e+00   6.4431552e+00
  -5.7921637e+00  -1.1704954e+01   6.9455590e+00
  -6.4508869e+00  -1.5448968e+00   6.8853331e+00
  -8.7594931e+00  -8.0042821e+00   6.3891165e+00
  -2.0755623e+00  -2.3171872e-01  -5.8117515e+00
  -4.3550567e-01  -1.1371593e+01   6.5555503e+00
  -8.2838418e-02  -4.9356307e+00   6.4920188e+00
  -1.4849066e+00   1.4577900e-02  -2.4331055e+00
  -7.8455789e-02  -2.1163660e+00   6.3166514e+00
  -8.3639171e+00  -8.4932149e+00   6.4668658e+00
  -8.5230712e-02  -2.1688751e-01  -6.2852415e+00
   5.0011241e-02  -2.4106066e-01  -2.4670114e+00
  -7.5210316e-01  -1.4781063e-02  -2.6833959e+00
  -1.2188604e+01   2.8501758e+00   6.4021131e+00
  -8.7672910e+00  -5.8415985e+00   6.4102153e+00
  -3.1115371e+00  -1.8401864e+00   1.3218685e-01
  -7.1064370e+00  -3.8271029e-01  -3.7283411e+00
  -3.0600921e+00  -4.0601081e+00   6.5677003e+00
  -7.4555231e+00  -4.8482765e+00   6.1713986e+00
  -6.7607554e+00  -6.4237756e+00   6.2956324e+00
  -8.3481014e+00  -4.7787415e-01  -7.9509096e-01
  -7.4906651e-01  -3.1232260e-02  -2.5053383e+00
  -6.9070741e+00  -5.5493428e+00   6.3536919e+00
  -6.2173841e+00  -8.4923157e+00   6.8929356e+00
  -1.6096612e+00   2.7194928e-02  -7.6871490e+00
  -1.4088788e+00   2.8606517e-02  -7.6890754e+00
  -5.6131723e+00  -1.0381944e+01   6.4808268e+00
  -5.9352255e+00  -9.3343442e+00   6.8882755e+00
  -5.9906667e+00  -2.1548051e+00   6.8721998e+00
  -5.9984354e+00  -2.1029805e+00   6.8603766e+00
  -2.9545037e+00  -4.0756515e+00   6.4790160e+00
  -1.6164923e+00   5.1170920e-02  -8.1694109e+00
  -8.3620617e+00  -1.0650984e+01   6.4571273e+00
  -8.7273181e+00  -5.3750599e-01  -1.3985127e+00
  -1.6098299e+00  -1.8385248e-02  -4.0489622e+00
  -7.4055528e+00  -7.0919171e+00   6.4018816e+00
  -1.1616029e+00  -5.2482801e-02   1.1511957e+00
  -1.3958374e+00  -2.0641478e-03  -4.0335843e+00
  -8.7355018e+00  -5.1348885e-01  -4.6089129e+00
  -9.5032531e-01  -4.6124078e-02   1.1559568e+00
  -8.7077308e+00  -6.4929841e-01   6.1994929e+00
  -8.3706431e+00  -6.3364781e+00   6.4689231e+00
  -8.7304840e+00  -5.2367308e-01  -2.4571338e+00
  -5.8918387e-01   3.3859432e-02  -7.8077715e+00
  -4.3051628e-01  -1.3101364e+00   6.5015175e+00
  -3.0831869e-01  -8.1035771e+00   6.5552998e+00
  -1.3628918e+00  -7.3953059e-02   1.1441319e+00
  -8.3495208e+00  -4.6971062e-01   2.4846832e+00
  -2.5474435e+00  -4.9113810e+00   6.4553142e+00
  -8.3392261e+00  -4.8842202e-01   1.3666145e+00
  -3.7944876e-01  -1.0647473e+01   6.6012745e+00
  -1.8568904e+00  -2.2131011e+00   6.5259752e+00
  -7.2758841e+00  -5.5470572e+00   6.6498285e+00
  -5.6511433e-01  -1.9561057e-01  -5.8159739e+00
  -6.9971741e+00  -3.9808946e-01  -6.1295949e-01
  -5.9388108e+00  -1.1646683e+01   6.9247273e+00
  -1.6252615e+00  -1.0644376e+01   6.6314256e+00
  -4.3313626e+00  -1.0652047e+01   6.5899274e+00
  -2.2125767e+00  -4.0091838e+00   6.5977006e+00
  -5.8641854e+00  -1.0694668e+01   6.4960767e+00
   2.3094150e-01  -2.0651822e-01  -6.5710269e+00
  -1.3457046e-01  -2.7749223e-01   1.0179141e+00
   2.9380642e-01  -2.7448470e-01  -7.0579237e+00
  -3.0919732e+00  -8.0402863e+00   6.8727932e+00
   4.1569123e-01  -2.6166429e-01  -5.4018817e+00
   2.9829275e-01  -2.8770336e-01   1.4317530e+00
   5.6263130e-01  -2.7789620e-01  -7.0136446e+00
   6.4591363e-01  -4.5161107e-01   4.1218238e+00
  -7.0462771e+00  -3.3324051e-01   6.2853794e+00
  -8.5835115e+00  -1.4230665e+01   6.5404364e+00
   6.1689988e-01  -1.0897459e+01   6.4679709e+00
   5.6114239e-01  -1.0464925e+01   6.4438054e+00
   5.4582214e-01  -2.8634804e-01  -1.3455001e+00
  -1.1657233e+00  -2.3537101e-02   1.3570810e+00
   8.0466819e-01  -8.2185016e+00   6.3826258e+00
   8.2313064e-01  -1.0334560e+01   6.4358848e+00
   7.9366392e-01  -7.3917222e+00   6.4631588e+00
   2.2610115e-01  -2.6149832e-01  -4.8320756e+00
   7.9079919e-01  -4.4525685e+00   6.0114305e+00
   4.5106208e-01  -3.4416692e-01   2.9524320e+00
   5.3015514e-01  -2.6156279e-01  -7.2522730e+00
   3.0320315e-01  -3.0160515e-01  -3.8138645e+00
   6.3310787e-02  -3.0083723e-01   3.1376652e+00
  -2.5834437e-01  -1.2601309e+01   6.5613880e+00
  -1.1202753e+01   2.1758776e+00   6.6085469e+00
  -1.1222454e+01   2.1933385e+00   6.8289746e+00
   1.0703089e-01  -2.8355426e-01   2.1410994e+00
  -2.3230214e-01  -1.0281220e+01   6.5558781e+00
  -1.0445743e+01  -3.4538719e-01   9.0766989e+00
  -1.1872911e+01   2.4196126e+00   6.4713026e+00
  -7.1896837e+00  -6.4456503e+00   6.6086548e+00
  -9.9884669e+00  -9.2816087e+00   8.6213510e+00
  -4.7254762e+00  -1.1539132e+01   6.9998112e+00
  -1.2464503e+01  -1.1604644e+01   1.0840986e+01
  -5.9384828e+00  -8.9705594e+00   6.8626557e+00
   4.7031162e-01  -3.1264063e-01   8.1572248e-01
  -2.8293418e+00  -3.8646807e+00   6.4872007e+00
  -3.3976001e+00  -5.1669290e+00   6.9252679e+00
  -7.6476530e+00  -9.5031368e+00   6.5330017e+00
  -1.2725951e+01  -2.9798515e+00   1.0707291e+01
  -4.5386241e+00  -1.2128751e+01   6.9471181e+00
   8.2344388e-02  -2.1696727e-01  -5.2496196e+00
  -4.7806603e+00  -3.8354220e-01   6.3938815e+00
  -1.1646245e+01  -2.7272977e+00   1.0086782e+01
  -4.5131662e-01  -2.0942031e-01  -5.0759808e+00
  -3.7998559e-01  -8.5929501e-02  -7.6827227e+00
  -8.5695364e+00  -9.3867616e+00   6.4732661e+00
   6.3725597e-01  -2.8321458e-01  -6.0981668e+00
  -1.3036542e-01  -2.3722233e-01  -4.6163691e+00
  -5.2765227e-01  -5.6755878e-02  -7.6707117e+00
  -3.5916186e-01  -2.1366732e-01  -3.9234129e+00
  -5.9413293e+00  -4.8581810e+00   6.8397494e+00
   6.2184050e-01  -2.6879411e-01  -5.8626387e+00
  -5.9242581e+00  -1.2405460e+01   6.8879865e+00
  -7.2599641e+00  -1.1723082e+01   6.4596489e+00
  -5.9172514e+00  -8.3963909e+00   6.8692794e+00
  -6.2448596e+00  -9.2675146e+00   6.8724685e+00
  -5.7070838e+00  -1.2813871e+01   6.9538326e+00
  -1.4036556e-01  -2.6316160e-01  -1.6281299e+00
  -1.4039073e+01  -2.8545255e+00   1.0461636e+01
   1.0503532e-01  -2.1371342e-01  -4.8250125e+00
  -7.6013585e+00  -2.0595190e+00   7.6969527e+00
  -1.0023618e-01  -2.7294574e-01  -1.1561667e+00
  -1.0589589e-01  -2.1147583e-01  -7.8819129e+00
  -1.5342185e-01  -2.1270473e-01  -8.1010813e+00
  -9.8010975e+00  -4.6379858e+00   8.5023894e+00
  -1.0986580e+01  -4.8136739e+00   9.5098507e+00
  -1.0200295e+01  -7.9173508e+00   8.8195837e+00
  -3.3802210e+00  -1.2180023e+01   6.1340780e+00
  -1.3074072e+00   9.1639464e-01  -7.0203157e+00
  -1.0848379e+01  -5.4525756e+00   9.3694410e+00
  -7.4797051e+00  -5.3662141e+00   6.3303505e+00
  -6.8749596e+00  -3.0414491e+00   6.4107161e+00
   6.0592468e-01  -9.8003618e+00   6.4390394e+00
  -5.2348065e-01  -2.2301560e-01   2.8336209e+00
  -5.5636372e-01  -2.0203992e-01  -3.4860223e+00
  -1.6227558e-01  -2.6341606e-01  -3.1954068e+00
  -1.2206765e+01   2.1491561e+00   7.0836335e+00
  -1.2063219e+01   2.8320944e+00   6.3878644e+00
  -7.2865642e+00  -4.8903338e-01   6.4635086e+00
   5.8025701e-01  -7.3815978e+00   6.4405118e+00
  -1.1460397e+01  -3.1154019e+00   9.9557536e+00
  -8.7477515e+00  -3.5163789e+00   6.4084048e+00
  -1.4795707e-01  -2.7649220e-01  -2.8426798e+00
   1.3011881e-01  -2.4294721e-01  -5.9308107e+00
  -6.8298076e+00  -8.9414691e+00   6.5277286e+00
  -2.5221929e+00  -5.0430573e+00   6.4726189e+00
  -8.3559079e+00  -5.0358193e+00   6.4586684e+00
  -8.3680965e+00  -9.3147227e+00   6.4816444e+00
  -8.7156699e+00  -3.9189816e+00   6.3603141e+00
  -6.8747764e+00  -1.0641551e+01   6.5198251e+00
  -1.7952363e+00  -2.3867482e-01   4.4138045e-01
  -1.5335987e+00  -7.8935489e-02   1.4610805e+00
  -1.0471588e+00  -4.8072153e+00   6.4126878e+00
  -1.8465579e+00  -3.5872177e+00   6.4877489e+00
  -1.0397197e-01  -4.9269176e+00   6.5050710e+00
   2.5304014e-02  -1.1518547e+01   6.5493765e+00
  -7.7204952e+00  -1.0843602e+01   6.5283090e+00
  -5.7761070e+00  -1.0807552e+01   6.5260473e+00
  -7.7302453e+00  -1.0401501e+01   6.4984838e+00
  -3.0763364e+00  -1.0692110e+01   6.5585084e+00
  -1.8463743e+00  -1.0684429e+01   6.5818733e+00
  -4.2700529e+00  -7.7678400e-02   8.4642308e-01
  -4.4997593e+00  -1.2844161e+01   7.0704049e+00
  -1.5852732e+00  -2.8656946e-02  -2.5139511e+00
  -7.4861829e+00  -6.2360158e-01   3.5091674e+00
  -8.3597283e+00  -4.2107082e+00   6.4208161e+00
  -8.7525562e+00  -4.7890818e+00   6.3711366e+00
  -4.5884431e+00  -8.3960463e+00   6.9145573e+00
  -8.7577499e+00  -3.7053735e+00   6.3956622e+00
  -4.3776243e-01  -1.0758358e+01   6.5624351e+00
   4.2900221e-01  -9.8750289e+00   6.4526687e+00
  -4.6350258e-01  -4.9223453e+00   6.5272526e+00
  -4.2836410e-01  -1.0602115e+01   6.5293478e+00
   5.6837849e-02  -2.1381899e-01  -6.4588799e+00
  -3.8217233e+00  -1.0679072e+01   6.5512075e+00
  -2.6567060e+00  -4.9582803e+00   6.4099651e+00
  -4.5072304e+00  -1.0673909e+01   6.5346197e+00
  -4.9671613e-01  -1.4339351e-01  -6.6731420e+00
   4.6502579e-01  -2.6415189e-01  -6.3857983e+00
  -2.2660623e+00  -3.5985551e+00   6.4465801e+00
  -1.4960764e-01  -6.5967175e+00   6.4310953e+00
  -2.6189578e+00  -4.1955729e+00   6.3772913e+00
  -5.5691646e-01  -2.3450751e-01   3.9108516e+00
   6.0812058e-01  -9.7171921e+00   6.4568069e+00
   2.3432407e-01  -2.4332837e-01  -6.0223635e+00
  -9.5563292e-01  -3.8274120e-02   1.3363220e+00
  -3.9243303e-01  -2.5944085e-01  -4.8041850e-01
  -8.6779033e+00  -1.4049446e+01   6.5866326e+00
  -6.2450685e+00  -2.1224996e+00   6.8356674e+00
   2.9346654e-01  -3.8015796e-01  -6.1232003e-01
  -5.9756078e+00  -3.6725324e+00   6.4020985e+00
  -4.4340952e-01  -1.8049563e-01  -6.3354174e+00
  -5.6265299e-01  -1.3728884e+01   6.6234508e+00
  -3.6496671e-01  -2.3959346e-01  -4.3403164e+00
  -4.4654949e+00  -1.2722822e+01   6.9778260e+00
  -1.2035574e-01  -2.4305662e-01  -5.9743558e+00
  -1.2589236e-01  -3.0083545e-01  -1.0729248e+00
  -1.0839970e+01  -5.4422737e+00   9.3868566e+00
  -8.2370064e-01  -2.4510575e-01   4.2452691e+00
  -7.1374829e+00  -1.0781496e+01   6.5076061e+00
  -3.6329066e-01  -2.3732472e-01   8.0243062e-02
  -5.2536123e+00  -1.1602556e+01   7.0338709e+00
  -7.0920860e+00  -3.6885310e-01   5.5486136e+00
  -4.3665512e-01  -2.0889422e-01  -5.8011256e+00
  -1.8266002e-02  -2.7458080e-01   1.3678480e+00
  -6.0183344e-02  -1.0586924e+01   6.5171594e+00
  -5.6516908e+00  -4.2280891e+00   6.4385960e+00
   1.1081955e-01  -2.1918124e-01  -6.0791506e+00
  -1.0212133e-01  -2.6002290e-01  -3.4771022e+00
   8.9829328e-02  -2.6475328e-01   3.3574164e+00
  -4.5689792e+00  -1.0678803e+01   6.5497590e+00
  -6.5491620e-02  -2.6790230e-01   5.6025445e-01
  -5.6235241e+00  -7.1717231e+00   6.5042344e+00
  -4.1167216e+00  -1.1662710e+01   7.0255413e+00
  -6.0575954e+00  -3.6258510e+00   6.4404703e+00
  -8.3653501e+00  -9.5736644e+00   6.4596222e+00
  -5.8697958e+00  -3.5523588e+00   6.4951416e+00
  -5.0455913e-01  -1.6970294e-01  -4.8106223e+00
   2.3340403e-01  -2.4225168e-01  -5.1957378e+00
   2.2496194e-02  -2.5313288e-01  -1.8459713e+00
   3.0100177e-01  -2.6326266e-01  -3.1390613e+00
  -7.0179689e+00  -3.8985804e-01   5.7647046e+00
  -1.5132415e-01  -2.2978288e-01  -6.7366080e+00
