       0       0       -1
       2       2       -1
       3       -1      6
       4       -1      9
       5       -1     11
       6       3       -1
       8       4       -1
      11       -1     15
      12       -1     17
      14       -1     18
      15       -1     19
      16       -1     22
      19       -1     25
      20       -1     27
      21       6       -1
      22       7       -1
      23       -1     29
      24       8       -1
      25       -1     31
      26       -1     32
      27       -1     33
      29       9       -1
      30      10       -1
      33      11       -1
      34      12       -1
      35       -1     38
      36       -1     39
      38       -1     40
      39      13       -1
      40      14       -1
      41       -1     42
      42      15       -1
      43       -1     44
      47      16       -1
      48      17       -1
      49      18       -1
      50      19       -1
      51       -1     53
      52       -1     54
      53       -1     55
      54       -1     56
      55       -1     58
       -1     20      60
      56      21       -1
      57       -1     63
      58       -1     67
      59      22       -1
      60       -1     70
      61       -1     79
      62       -1     80
      64       -1     81
      65       -1     82
      66      23       -1
      67      24       -1
      68      25       -1
      69      26       -1
      70       -1     88
      72      28       -1
      74       -1     98
      76       -1    102
      77       -1    107
      78      29       -1
      79      30       -1
      80      31       -1
      81      32       -1
      82      33       -1
      83       -1    113
      85      34       -1
      88       -1    124
      89       -1    126
      90       -1    127
      92       -1    130
      93       -1    131
      94      35       -1
      95       -1    133
      96       -1    134
      97       -1    135
      98      36       -1
      99       -1    138
     100       -1    139
     101       -1    140
     102       -1    141
     103      37       -1
     104       -1    147
     105       -1    149
     107       -1    151
     108      39       -1
     109       -1    153
     111      40       -1
     112      41       -1
     113      42       -1
     114       -1    156
     115      43       -1
     116      44       -1
     117      45       -1
     118       -1    161
     119       -1    162
     120       -1    165
     121      46       -1
     122       -1    167
     123      47       -1
     124      48       -1
     126      49       -1
     127       -1    176
     128       -1    177
     129      50       -1
     130       -1    178
     131       -1    180
     132      51       -1
     133       -1    182
     134       -1    183
     135      52       -1
     136       -1    192
     137      53       -1
     138       -1    195
     139      54       -1
     140      55       -1
     141      56       -1
     142      57       -1
     143      58       -1
     144      59       -1
     145      60       -1
     146       -1    207
     147       -1    210
     148       -1    213
     149       -1    216
     150      62       -1
     151       -1    220
     152       -1    222
     153       -1    224
     154       -1    228
     156      63       -1
     157      64       -1
     158       -1    230
     159      65       -1
     160       -1    232
     161       -1    236
     162      66       -1
     163      67       -1
     164      68       -1
     165       -1    241
     166      69       -1
     167      70       -1
     168       -1    246
     169       -1    249
     170       -1    251
     171       -1    255
     172       -1    256
     173      71       -1
     174       -1    257
     175       -1    259
     176      72       -1
     177      73       -1
     178       -1    260
     179      74       -1
     180       -1    262
     181      75       -1
     182      76       -1
     183      77       -1
     184      78       -1
     185      79       -1
     186      80       -1
     187      81       -1
     188       -1    270
     189       -1    271
     190      82       -1
     191      83       -1
     192       -1    280
     193      84       -1
     194      85       -1
     195       -1    282
     196       -1    285
     197      86       -1
     198      87       -1
     199       -1    286
     202       -1    296
     203       -1    302
     204       -1    305
     205      88       -1
     206       -1    308
     207      89       -1
     208       -1    311
     209      90       -1
     211      92       -1
     212      93       -1
     213      94       -1
     214      95       -1
     215       -1    320
     216       -1    321
     218       -1    324
     219       -1    325
     220       -1    326
     221       -1    329
     222      96       -1
     223       -1    334
     224      97       -1
     225      98       -1
     227       -1    338
     229       -1    345
     230       -1    346
     231      99       -1
     232       -1    355
     233       -1    357
     234     100       -1
     235     101       -1
     236       -1    363
     237       -1    365
     239     102       -1
     240     103       -1
     242       -1    373
     243     104       -1
     244       -1    374
     245     105       -1
     246       -1    376
     247       -1    379
     249     106       -1
     250     107       -1
     251     108       -1
     254     110       -1
     256     111       -1
     258       -1    395
     259     112       -1
     260     113       -1
     261     114       -1
     262       -1    401
     263     115       -1
     264       -1    405
     265     116       -1
     266       -1    412
     268     117       -1
     269       -1    417
     270       -1    419
     273       -1    421
     274     118       -1
     275       -1    424
     276       -1    427
     277       -1    430
     279     119       -1
     280       -1    438
     281       -1    444
     282     120       -1
     285       -1    455
     287       -1    459
     288     123       -1
     289     124       -1
     290       -1    466
     291     125       -1
     292       -1    467
     293       -1    471
     294       -1    472
     295     126       -1
     296     127       -1
     297       -1    474
     298     128       -1
     299       -1    478
     300     129       -1
     302     130       -1
     303     131       -1
     304     132       -1
     305       -1    490
     308     135       -1
     309       -1    492
     310       -1    494
     311     136       -1
     312       -1    500
     314       -1    506
     317       -1    509
     318     138       -1
     319     139       -1
     321       -1    518
     322       -1    519
     324       -1    522
     325       -1    525
     326       -1    526
     327       -1    527
     328       -1    529
     330       -1    532
     332     140       -1
     333       -1    536
     335       -1    538
     336     141       -1
     337       -1    541
     338       -1    542
     339     142       -1
     340       -1    546
     341       -1    547
     342       -1    548
     343     143       -1
     344       -1    550
     345       -1    552
     346       -1    553
     347       -1    554
     348       -1    555
     349     144       -1
     350       -1    563
     351     145       -1
     352     146       -1
     353     147       -1
     354     148       -1
     355     149       -1
     357     150       -1
     358     151       -1
     361     152       -1
     362       -1    584
     363     153       -1
     364       -1    593
     365     154       -1
     366     155       -1
     370     156       -1
     371     157       -1
     372     158       -1
     373     159       -1
     374     160       -1
     375       -1    606
     376       -1    612
     378       -1    616
     379     161       -1
     380     162       -1
     381       -1    622
     382     164       -1
     383     165       -1
     384     166       -1
     385     167       -1
     386       -1    630
     387       -1    631
     388     168       -1
     389     169       -1
     390     170       -1
     392     171       -1
     393       -1    639
     394       -1    640
     395     172       -1
     396     173       -1
     397     174       -1
     398     175       -1
     399     176       -1
     400       -1    647
     401     177       -1
     402       -1    649
     403     178       -1
     405     179       -1
     406     180       -1
     407       -1    653
     408       -1    656
     409       -1    659
     412       -1    664
     416       -1    671
     417     182       -1
     420       -1    678
     421     183       -1
     424     185       -1
     425       -1    691
     427     187       -1
     428       -1    699
     429     188       -1
     430       -1    700
     431     189       -1
     432       -1    702
     433       -1    703
     434       -1    705
     436     190       -1
     437       -1    709
     438     191       -1
     439       -1    711
     440       -1    713
     441     192       -1
     442     193       -1
     443     194       -1
     444       -1    719
     445       -1    721
     448       -1    726
     449     195       -1
     450       -1    728
     451       -1    730
     452     196       -1
     453     197       -1
     454       -1    735
     455       -1    736
     456     198       -1
     457       -1    737
     458     199       -1
     459       -1    740
     460     200       -1
     461     201       -1
     462       -1    742
     463       -1    744
     464     202       -1
     465     203       -1
     466     204       -1
     467     205       -1
     468     206       -1
     470     207       -1
     471       -1    748
     472       -1    750
     473     208       -1
     474     209       -1
     475     210       -1
     476       -1    754
     477     211       -1
     478       -1    755
     479       -1    756
     480       -1    757
     481     212       -1
     482       -1    758
     483       -1    759
     484     213       -1
     485       -1    760
     486     214       -1
     487     215       -1
     488     216       -1
     490     217       -1
     491     218       -1
     492     219       -1
     493     220       -1
     494     221       -1
     495     222       -1
     496     223       -1
     497     224       -1
     499     226       -1
     500     227       -1
     501     228       -1
     502     229       -1
     503     230       -1
     504     231       -1
     505     232       -1
     506     233       -1
     507     234       -1
     508     235       -1
     509     236       -1
     510     237       -1
     511     238       -1
     513     240     762
     515       -1    764
     516     241     765
     517     242       -1
     518       -1    766
     520       -1    768
     521       -1    769
     522     244     770
     523     245     771
     526     246     773
     527     247     774
     528     248     775
     529       -1    776
     530       -1    777
     531       -1    778
     532       -1    779
     533     249     780
     534     250       -1
     535       -1    782
     537       -1    784
     538       -1    785
     539       -1    786
     540     252     787
     541       -1    788
     542       -1    789
     543       -1    790
     544       -1    791
     545       -1    792
     546     253     793
     547     254     794
     548       -1    795
     550       -1    797
     551       -1    798
     552       -1    799
     553     255     800
     554       -1    801
     555       -1    802
     556       -1    803
     558       -1    804
     559       -1    805
     560     259     807
     561       -1    808
     562       -1    809
     563       -1    810
     564       -1    811
     566       -1    812
     567       -1    813
     568       -1    814
     569       -1    815
     570       -1    816
     571       -1    817
     572       -1    818
     573       -1    819
     574       -1    820
     575       -1    822
     576     260     824
     577     261     825
     578       -1    826
     579       -1    827
     580       -1    828
     581       -1    829
     582       -1    830
     583       -1    831
     584       -1    832
     585       -1    834
     586       -1    836
     587       -1    837
     588       -1    838
     589       -1    839
     590       -1    840
     591     263     841
     592       -1    842
     593       -1    843
     594       -1    844
     595       -1    845
     596       -1    846
     597       -1    847
     598       -1    848
     599       -1    849
     601       -1    851
     602       -1    852
     603       -1    853
     604       -1    854
     605       -1    855
     606       -1    856
     607       -1    857
     608       -1    858
     609       -1    859
     610       -1    860
     611     264       -1
     612       -1    863
     613       -1    865
     614       -1    866
     615     266     867
     616       -1    868
     617     267       -1
     618     268       -1
     619       -1    870
     620       -1    871
     621       -1    872
     622       -1    873
     623       -1    874
     624       -1    875
     626       -1    877
     627       -1    878
     628     269     879
     629     270     880
     631       -1    881
     632       -1    882
     633       -1    884
     634       -1    885
     635       -1    886
     636       -1    887
     637       -1    888
     638       -1    889
     639       -1    890
     640     271     892
     641       -1    893
     642     272     894
     643     273     895
     644       -1    896
     645       -1    897
     647       -1    899
     648       -1    900
     649       -1    902
     650       -1    904
     651       -1    905
     652       -1    906
     653     275     907
     654       -1    908
     655     276       -1
     656       -1    909
     657     277     910
     658       -1    911
     659       -1    913
     660       -1    914
     661       -1    915
     662       -1    916
     663       -1    917
     664       -1    918
     665       -1    919
     666       -1    920
     667       -1    921
     668       -1    922
     669       -1    923
     670     278     924
     671     279     925
     672       -1    926
     675       -1    927
     676       -1    928
     677       -1    929
     678       -1    930
     679       -1    931
     680       -1    933
     681       -1    935
     682       -1    936
     683       -1    937
     684     280     938
     685       -1    939
     686       -1    940
     687       -1    941
     688       -1    942
     689       -1    943
     690     281     944
     692       -1    945
     693       -1    947
     694       -1    948
     695       -1    949
     696       -1    950
     697     282     951
     699       -1    952
       -1    283     953
     700       -1    954
     701       -1    955
     702       -1    956
     703       -1    957
     704       -1    958
     705     284     959
     706       -1    960
     707     286     961
     708     287     962
     709     288     963
     710     289     964
     711     290     965
     712     291     966
     713     292     967
     714     293     968
     715       -1    969
     716     294     970
     717       -1    971
     718     296     972
     719     297     973
     720     298     974
     721     299     975
     722     300     976
     723     301     978
     724     302     979
     725     303     980
     726     304     981
     727       -1    984
     728     305     985
     729     306     986
     730     307     987
     731     308     988
     732     309     989
     733     310     990
     734       -1    991
     735     311     992
     736     312     993
     737     313     994
     738     314     995
     739     315     996
     740       -1    997
     741     316     998
     742     317     999
     743     318    1000
     744     319    1001
     745     320    1002
     746     321    1003
     747     322    1004
    1008     618    1226
     954     508    1213
     871     410    1198
     763     376    1026
     780     398    1041
     818     430    1084
     777     390    1040
     757     354    1024
    1006     630    1197
    1255     918    1378
    1082     680    1303
    1053     572    1338
    1297     975    1420
    1191     825    1377
    1015     487    1348
     938     396    1335
