       0       -1      0
       1       0       -1
       2       1       -1
       3       2       -1
       4       3       -1
       5       -1      1
       6       4       -1
       7       -1      2
       8       5       -1
       9       6       -1
      10       -1      3
      11       -1      4
      12       7       -1
      13       8       -1
      14       -1      5
      15       9       -1
      16      10       -1
      17      11       -1
      18      12       -1
      19      13       -1
      20       -1      6
      21      14       -1
      22      15       -1
      23      16       -1
      24      17       -1
      25      18       -1
      26       -1      7
      27      19       -1
      28      20       -1
      29      21       -1
      30      22       -1
      31      23       -1
      32      24       -1
      33      25       -1
      34       -1      8
      35      26       -1
      36      27       -1
      37      28       -1
      38      29       -1
      39       -1      9
      41      30       -1
      42       -1     11
      43      31       -1
      45      33       -1
      46      34       -1
      48      36       -1
      49      37       -1
      50       -1     12
      51      38       -1
      52      39       -1
      53      40       -1
      54      41       -1
      55      42       -1
      56      43       -1
      57      44       -1
      58      45       -1
      59      46       -1
      60       -1     13
      61       -1     14
      62      47       -1
      63      48       -1
      64      49       -1
      65      50       -1
      66      51       -1
      67       -1     15
      68       -1     16
      69       -1     17
      70      52       -1
      72      54       -1
      73       -1     18
      74      55       -1
      75      56       -1
      76      57       -1
      77      58       -1
      78      59       -1
      79       -1     19
      80      60       -1
      81       -1     20
      82       -1     21
      83       -1     22
      84      61       -1
      85       -1     23
      86      62       -1
      87       -1     24
      88       -1     25
      89       -1     26
      90      63       -1
      91      64       -1
      92      65       -1
      93      66       -1
      94      67       -1
      95      68       -1
      96       -1     27
      97      69       -1
      98      70       -1
      99       -1     28
     100      71       -1
     101      72       -1
     102      73       -1
     103      74       -1
     104      75       -1
     105       -1     29
     106      76       -1
     109      79       -1
     110       -1     30
     111      80       -1
     112      81       -1
     113      82       -1
     114      83       -1
     115      84       -1
     117      86       -1
     118       -1     31
     119      87       -1
     121      88       -1
     122      89       -1
     123       -1     33
     124       -1     34
     125      90       -1
     126      91       -1
     127      92       -1
     128       -1     35
     129       -1     36
     130      93       -1
     131      94       -1
     132      95       -1
     133      96       -1
     134      97       -1
     135      98       -1
     136      99       -1
     137     100       -1
     138     101       -1
     139     102       -1
     140     103       -1
     141     104       -1
     142     105       -1
     143     106       -1
     144     107       -1
     145     108       -1
     146     109       -1
     147       -1     37
     148       -1     38
     149     110       -1
     150     111       -1
     151       -1     39
     152     112       -1
     153       -1     40
     154     113       -1
     156     114       -1
     157     115       -1
     158     116       -1
     159     117       -1
     160     118       -1
     161       -1     42
     162     119       -1
     163       -1     43
     165     120       -1
     166     121       -1
     167       -1     45
     168     122       -1
     169     123       -1
     170     124       -1
     171     125       -1
     172     126       -1
     173       -1     46
     174       -1     47
     175     127       -1
     176     128       -1
     177     129       -1
     178     130       -1
     179     131       -1
     180       -1     48
     181     132       -1
     182     133       -1
     183     134       -1
     184     135       -1
     185     136       -1
     186     137       -1
     187     138       -1
     188     139       -1
     189     140       -1
     190       -1     49
     191       -1     50
     192     141       -1
     193       -1     51
     195     142       -1
     196     143       -1
     197     144       -1
     198     145       -1
     199     146       -1
     200     147       -1
     201     148       -1
     202     149       -1
     203     150       -1
     204       -1     53
     205     151       -1
     206     152       -1
     207     153       -1
     208       -1     54
     209       -1     55
     210     154       -1
     211     155       -1
     212     156       -1
     213     157       -1
     214       -1     56
     215       -1     57
     216     158       -1
     217     159       -1
     218     160       -1
     219     161       -1
     220       -1     58
     221       -1     59
     222     162       -1
     223     163       -1
     224     164       -1
     225     165       -1
     226       -1     60
     227     166       -1
     228       -1     61
     229       -1     62
     230     167       -1
     231     168       -1
     232       -1     63
     233     169       -1
     235     171       -1
     236       -1     64
     237       -1     65
     238     172       -1
     239     173       -1
     240     174       -1
     241     175       -1
     242     176       -1
     243     177       -1
     244     178       -1
     245     179       -1
     246     180       -1
     247     181       -1
     248     182       -1
     249     183       -1
     250     184       -1
     251     185       -1
     252       -1     66
     253       -1     67
     254     186       -1
     255       -1     68
     256     187       -1
     257       -1     69
     258       -1     70
     259     188       -1
     260     189       -1
     261     190       -1
     262       -1     71
     263     191       -1
     264     192       -1
     265     193       -1
     266       -1     72
     267       -1     73
     268     194       -1
     269       -1     74
     270       -1     75
     271       -1     76
     272       -1     77
     273     195       -1
     274     196       -1
     276     198       -1
     277     199       -1
     278     200       -1
     279     201       -1
     280     202       -1
     281     203       -1
     282     204       -1
     283     205       -1
     284     206       -1
     285       -1     78
     286     207       -1
     287     208       -1
     288       -1     79
     289     209       -1
     290       -1     80
     291     210       -1
     292       -1     81
     293     211       -1
     294     212       -1
     295     213       -1
     296     214       -1
     297     215       -1
     298     216       -1
     299       -1     82
     300       -1     83
     301     217       -1
     302     218       -1
     303     219       -1
     304     220       -1
     305     221       -1
     307     223       -1
     308       -1     84
     309     224       -1
     312       -1     86
     313     226       -1
     314     227       -1
     315       -1     87
     316       -1     88
     317     228       -1
     318     229       -1
     319     230       -1
     320     231       -1
     321     232       -1
     323       -1     89
     324       -1     90
     325       -1     91
     326       -1     92
     327     234       -1
     328     235       -1
     329     236       -1
     330     237       -1
     331     238       -1
     332       -1     93
     334     240       -1
     335     241       -1
     336     242       -1
     338     244       -1
     339     245       -1
     340     246       -1
     341       -1     94
     342     247       -1
     343     248       -1
       -1    249      95
       -1    250      96
       -1    251      97
       -1    252      98
       -1    253      99
       -1    254     100
       -1    255     101
       -1    256     102
       -1    257     103
       -1    258     104
       -1    259     105
       -1    260     106
       -1    261     107
       -1    263     109
       -1    264     110
       -1    265     111
       -1    266     112
       -1    268     114
       -1    269     115
       -1    270     116
       -1    271     117
       -1    272     118
       -1    273     119
       -1    274     120
       -1    275     121
       -1    276     122
       -1    277     123
       -1    278     124
       -1    279     125
       -1    280     126
       -1    281     127
       -1    282     128
       -1    284     130
       -1    285     131
       -1    286     132
       -1    287     133
       -1    288     134
       -1    289     135
       -1    290     136
       -1    291     137
       -1    292     138
       -1    293     139
       -1    294     140
       -1    295     141
       -1    296     142
       -1    297     143
       -1    298     144
       -1    299     145
       -1    300     146
       -1    301     147
       -1    302     148
       -1    303     149
       -1    304     150
       -1    305     151
       -1    306     152
       -1    307     153
       -1    308     154
       -1    309     155
       -1    310     156
       -1    311     157
       -1    312     158
       -1    313     159
       -1    314     160
       -1    315     161
       -1    316     162
       -1    317     163
       -1    318     164
       -1    319     165
       -1    320     166
       -1    321     167
       -1    322     168
       -1    323     169
       -1    324     170
       -1    325     171
       -1    326     172
       -1    327     173
       -1    328     174
       -1    329     175
       -1    330     176
       -1    331     177
       -1    332     178
       -1    333     179
       -1    335     181
       -1    336     182
       -1    337     183
       -1    338     184
       -1    339     185
       -1    340     186
       -1    341     187
       -1    342     188
       -1    343     189
       -1    344     190
       -1    345     191
       -1    346     192
       -1    347     193
       -1    348     194
       -1    349     195
       -1    350     196
       -1    351     197
       -1    352     198
       -1    353     199
       -1    354     200
       -1    355     201
       -1    356     202
       -1    357     203
       -1    358     204
       -1    359     205
       -1    360     206
       -1    361     207
       -1    362     208
       -1    363     209
       -1    364     210
       -1    365     211
       -1    367     213
     345     371     217
     346     372     218
     347     373     219
     348     374     220
     349     375       -1
     350     376     222
     351     377     223
     352     378     224
     353     379     225
     354     380     226
     355     381     227
     356     382     228
     357     383     229
     358     384     230
     359     385     231
     360     386     232
     361     387     233
     362     388     234
     363     389     235
     364     390     236
     365     391     237
     366     392     238
     367     393     239
     369     395     241
     370     396     242
     371     397     243
     372     398     244
     373     399     245
     374     400     246
     375     401     247
     376     402     248
       -1    403     249
     379     405       -1
     380     406     252
       -1    407     253
     382     408     254
     383       -1    255
       -1    410     256
     385     411     257
     386     412     258
     387     413     259
       -1    414     260
     389     415     261
     390     416     262
     392     418     264
     393     419     265
     394     420     266
     395     421     267
     396     422     268
     397     423     269
     398     424     270
     399     425     271
     400     426     272
     401     427     273
     402     428     274
     403     429     275
     404     430     276
     405     431     277
     406     432     278
     407     433     279
     408     434     280
     409     435     281
     410     436     282
     411     437     283
     412     438     284
     413     439     285
     414     440     286
     415     441     287
     416     442     288
     417     443     289
     418     444     290
     419     445     291
     420     446       -1
     421     447     293
     422     448     294
     423     449     295
     424     450     296
     425     451     297
     426     452     298
     427     453     299
       -1    454     300
     429     455     301
     430     456     302
     431     457     303
     432     458     304
       -1    459     305
     434     460     306
       -1    461     307
     436     462     308
     437     463     309
     439     465     311
     440     466     312
     441     467     313
     443     469     315
     444     470     316
     445     471     317
     446     472     318
     447     473     319
     448     474     320
     449     475     321
     450     476       -1
     451     477     323
     452     478     324
     453     479     325
     454     480     326
     455     481     327
     456     482     328
     457     483     329
     458     484     330
     459     485     331
     460     486     332
     461     487     333
       -1    488     334
       -1    490     336
     465     491     337
     466     492     338
     467     493     339
     468     494     340
     470     496     342
     471     497     343
     472     498     344
     473     499     345
     474     500     346
     475     501     347
     476     502     348
     477     503     349
       -1    504     350
       -1    505     351
     480     506     352
     481     507     353
     482     508     354
     483     509     355
     484     510     356
     485     511     357
     486     512     358
     487     513     359
     488     514     360
       -1    515     361
     490     516     362
       -1    517     363
       -1    518     364
     493     519     365
     494     520     366
       -1    521     367
       -1    522     368
     497     523     369
     498     524     370
     499     525     371
     500     526     372
     501     527     373
     502     528       -1
     503     529     375
     504     530     376
     505     531     377
     506     532     378
     507     533     379
     508     534     380
     510     536     382
     511     537     383
     512     538     384
     513     539     385
     514     540     386
     515     541     387
     516     542     388
     517     543     389
     518     544     390
     519     545     391
     520     546     392
       -1    547     393
     522     548     394
       -1    549     395
     524     550     396
       -1    551     397
     526     552     398
     527     553     399
     528     554     400
     529     555     401
     530     556     402
       -1    557     403
     532     558     404
     533     559     405
     534     560       -1
     535     561     407
     536     562     408
       -1    563     409
     538     564     410
     539     565     411
     540     566     412
     541     567     413
     542     568     414
       -1    569     415
     544     570     416
     545     571     417
     546     572     418
     548     574     420
     549     575     421
     550     576     422
       -1    577     423
     552     578     424
     553     579     425
     554     580     426
     555     581     427
     556     582     428
     557     583     429
     558     584     430
     559     585     431
     560     586     432
     561     587     433
     562     588     434
     563     589     435
     564     590     436
     565     591     437
     566     592     438
     567     593     439
     568     594     440
     569     595     441
     570     596     442
     571     597     443
     572     598     444
       -1    599     445
     574     600     446
     575     601     447
     576     602     448
     578     604     450
     579     605     451
     580     606     452
     581     607     453
     583     609     455
     584     610     456
     585     611     457
     586     612     458
     588     614     460
     589     615     461
     590     616     462
     591     617     463
     592     618     464
     593     619     465
     594     620     466
     595     621       -1
     596     622     468
     597     623     469
     598     624     470
     599     625     471
     600     626     472
     601     627     473
     603     629     475
     604     630     476
     605       -1    477
     606     632     478
       -1    633     479
     608     634     480
     609     635     481
       -1    636     482
     611     637     483
     612     638     484
     613     639     485
     614     640     486
     615     641     487
     616     642     488
     617     643     489
     619     645     491
     620     646     492
     621     647     493
     623     649     495
     626     652     498
     627     653     499
       -1    654     500
       -1    655     501
     630     656     502
     631     657     503
     632     658     504
     633     659     505
     636     662     508
     637     663     509
     638     664     510
     639     665     511
     640     666     512
     641     667     513
