   5.8460961e+00  -1.0392933e+00   9.5396978e-01   6.5080648e+00  -1.0484502e+00   9.5396978e-01
   5.7828660e+00  -8.3975702e-01   5.9899201e+00   6.4433470e+00  -8.3975702e-01   5.9899201e+00
   1.5888926e+00   3.8503923e+00   3.5289882e-02   5.7653314e-01   3.8503923e+00   3.5289882e-02
   5.6208543e+00   7.9377310e+00   2.4751983e-02   6.3179183e+00   7.9377310e+00   2.4751983e-02
   6.2932681e+00   8.2469684e+00   8.3997786e-02   5.5997287e+00   8.2469684e+00   8.3997786e-02
   4.4729768e+00   3.8544438e+00   4.5258134e-02   3.2320339e+00   3.8544438e+00   4.5258134e-02
   2.4987289e-02  -2.2418881e-01   5.9915035e+00   1.1180685e+00  -2.2418881e-01   5.9915035e+00
   6.2748080e+00   8.6643799e+00   9.6054340e-02   5.5943002e+00   8.6643799e+00   9.6054340e-02
   5.9430162e+00   1.1426008e+00  -8.4932140e-01   6.4482148e+00   1.1426008e+00  -8.4932140e-01
   7.7387477e+00  -1.0050313e+00  -8.6215128e-01   7.0982909e+00  -1.0050313e+00  -8.6215128e-01
   4.5696912e+00  -2.7027019e-01   2.7853244e+00   4.5696912e+00  -2.7027019e-01   3.1503380e+00
   5.6373059e+00   8.3496884e+00   3.4432458e-02   6.3068362e+00   8.3496884e+00   3.4432458e-02
   2.3484867e-01  -1.1566033e-01   4.8725118e+00   2.9543822e+00  -1.1566033e-01   4.8725118e+00
   6.4416950e+00  -7.9360990e-01   6.5302663e+00   5.7409735e+00  -7.9360990e-01   6.5302663e+00
   2.3197157e-01  -1.1230988e-01   4.8717944e+00   2.0109106e+00  -1.1230988e-01   4.8717944e+00
   2.2530382e+00  -1.6329326e-01   4.9817842e+00   3.0847331e+00  -1.6329326e-01   4.9817842e+00
   2.1056667e+00  -2.2003971e-01   7.3989937e+00   2.1056667e+00  -2.2003971e-01   8.2249992e+00
   1.2240974e+00   1.6777938e+00  -1.7473929e-01  -2.1874478e-02   1.6777938e+00  -1.7473929e-01
   6.4582478e+00   1.1174941e+00  -7.7066960e-01   5.8939175e+00   1.1174941e+00  -7.7066960e-01
   2.2672954e+00  -2.0559624e-01   7.2026677e+00   2.2672954e+00  -2.0559624e-01   8.3566910e+00
   4.5210291e+00  -3.4645495e-01   5.1557630e-01   4.5210291e+00  -3.4645495e-01   2.1942929e+00
   4.9360589e+00   9.3965304e+00   2.2822531e-01   4.9360589e+00   7.7998836e+00   2.2822531e-01
   2.2168865e+00  -1.8012388e-01   7.2756789e+00   2.2168865e+00  -1.8012388e-01   8.3431267e+00
   5.6108487e+00   8.7689211e+00   5.4117977e-02   6.3061979e+00   8.7689211e+00   5.4117977e-02
   8.7895794e-01  -3.9430523e-01   7.8499766e+00   2.0056723e+00  -3.9430523e-01   7.8499766e+00
   3.2708616e+00   6.9682872e+00  -6.1904316e-02   4.3165069e+00   6.9682872e+00  -6.1904316e-02
   8.7982432e-01  -6.0588605e-01   1.1897157e+00   2.0156989e+00  -6.0588605e-01   1.1897157e+00
   7.1068151e+00  -1.0610757e+00  -8.1770302e-01   7.6746347e+00  -1.0610757e+00  -8.1770302e-01
   9.0056352e-01  -5.1872611e-01   2.4832166e-01   1.9619493e+00  -5.1872611e-01   2.4832166e-01
   8.9468270e-01  -4.7890473e-01   3.4015617e+00   1.4481502e+00  -4.7890473e-01   3.4015617e+00
   8.8355567e+00  -3.1337001e-01  -1.1904821e+00   8.8355567e+00  -3.1337001e-01  -1.8973141e+00
   9.1050328e+00  -3.5666555e+00  -1.3583586e+00   9.1050328e+00  -1.0602088e+00  -1.3583586e+00
   4.9520409e+00   6.0331653e+00   2.6121245e-01   4.9520409e+00   7.7724030e+00   2.6121245e-01
   6.4419546e+00  -8.1847151e-01   6.2167252e+00   5.7770853e+00  -8.1847151e-01   6.2167252e+00
   6.9136496e+00   8.2503030e+00   8.7857800e-02   6.5091493e+00   8.2503030e+00   8.7857800e-02
   6.6255853e+00   2.0892759e+00  -4.0124842e-01   6.6255853e+00   2.0892759e+00  -1.1403721e+00
   8.9387681e-01  -4.8390305e-01   2.9586044e+00   2.0135794e+00  -4.8390305e-01   2.9586044e+00
   2.1687721e+00  -2.4192453e-01   8.2459431e+00   2.1687721e+00  -2.4192453e-01   7.3112285e+00
   6.4726270e+00  -8.5617376e-01   4.0519000e+00   5.7760583e+00  -8.5617376e-01   4.0519000e+00
   1.3637333e+00  -1.7600888e-01   4.9673534e+00   2.0853070e+00  -1.7600888e-01   4.9673534e+00
   1.9406512e+00   5.8527770e+00   6.1187370e-02   1.9406512e+00   7.0872802e+00   6.1187370e-02
   6.8136058e+00   1.0062385e+00  -4.9671194e-01   7.3830851e+00   1.3995477e+00  -4.9671194e-01
   5.1844283e+00  -2.2066118e-01  -3.0064767e-02   5.1844283e+00   9.3481381e+00  -3.0064767e-02
   6.4185095e+00   4.8026384e+00  -6.9280091e-01   5.8590923e+00   4.8026384e+00  -6.9280091e-01
   4.6562794e+00  -3.2413857e-01   1.5785934e-01   4.6562794e+00  -3.2413857e-01   5.0285567e+00
   2.3576896e+00  -3.1696139e-01   7.9949964e-01   2.3576896e+00  -3.1696139e-01   1.3116958e-01
   5.8277020e+00  -9.3693666e-01   3.4696385e+00   6.4794050e+00  -9.3693666e-01   3.4696385e+00
   8.9031915e-01  -5.2046162e-01   1.6808725e+00   2.0097980e+00  -5.2046162e-01   1.6808725e+00
   4.8442175e+00   3.4416065e-02   8.9577296e+00   4.8442175e+00   3.4416065e-02   2.5386740e+00
   2.3111271e+00  -1.3822678e-01   8.4359583e+00   2.3111271e+00  -1.3822678e-01   7.2084738e+00
   1.0683632e+01  -1.3580653e+00  -6.5452601e+00   1.0683632e+01  -5.9730818e-01  -6.5452601e+00
   2.1943761e+00  -3.0603140e-01   2.0808385e+00   2.1943761e+00  -3.0603140e-01   1.1822993e+00
   2.3783202e+00  -5.4829907e-02   2.7038731e+00   2.3783202e+00  -5.4829907e-02   4.1422020e+00
   3.2521879e+00   8.2939295e+00  -4.8646388e-02   4.3227801e+00   8.2939295e+00  -4.8646388e-02
   1.5173637e+00  -4.5957129e-01   3.4045994e+00   1.9966715e+00  -4.5957129e-01   3.4045994e+00
   1.9813095e+00   7.1710802e+00   1.5391529e-01   1.9813095e+00   5.8559529e+00   1.5391529e-01
   3.3598591e+00   5.3584799e+00  -6.9025652e-02   4.2845373e+00   5.3584799e+00  -6.9025652e-02
   5.5429361e-01   3.8105194e+00   7.7939773e-02   4.6154302e+00   3.8105194e+00   7.7939773e-02
   2.1960041e+00  -2.3817868e-01   3.8148335e+00   2.1960041e+00  -2.3817868e-01   2.8997035e+00
   4.5280358e-02   3.8100356e+00   9.0701509e-02   4.7945444e-01   3.8100356e+00   9.0701509e-02
   6.6607410e+00  -6.0789047e-01   4.1534128e+00   7.2697136e+00  -6.0789047e-01   3.7719733e+00
   4.5759088e+00  -3.1428444e-01   3.8132415e-01   4.5759088e+00  -3.1428444e-01   2.2541633e+00
   2.1003709e+00  -2.0508450e-01   7.3564508e+00   8.5434585e-01  -2.0508450e-01   7.3564508e+00
   7.2860088e+00   5.1497348e+00  -3.9531679e-01   6.7661287e+00   5.5230557e+00  -3.9531679e-01
   4.7121642e+00   1.6541269e-01   9.4050423e+00   4.7121642e+00   1.6541269e-01   2.6047798e-01
   2.8701279e+00   3.8832328e+00   7.1380897e-02   2.1959665e+00   3.8832328e+00   7.1380897e-02
   6.6928612e+00  -6.9386334e-01   1.6751243e+00   7.3001384e+00  -6.9386334e-01   1.2947248e+00
   5.8642570e+00   1.4034646e+00  -7.3514679e-01   6.4512790e+00   1.4034646e+00  -7.3514679e-01
   1.8133402e+00   6.0057792e+00   1.4199728e-02   1.8133402e+00   6.9291250e+00   1.4199728e-02
   2.3364390e+00  -1.5051919e-01   4.0726625e+00   2.3364390e+00  -1.5051919e-01   2.7582736e+00
   6.7554347e+00   4.6665113e+00  -4.1988855e-01   7.3224642e+00   5.0645646e+00  -4.1988855e-01
   4.3046565e+00   7.2948805e+00  -1.1743404e-02   3.2604928e+00   7.2948805e+00  -1.1743404e-02
   5.8075121e+00  -9.2526711e-01   3.7660341e+00   6.5048209e+00  -9.2526711e-01   3.7660341e+00
   7.3212437e-01  -3.8252626e-01   5.2441471e+00   2.6162706e-02  -3.8252626e-01   5.2441471e+00
   6.4701816e+00  -9.1028394e-01   3.7067327e+00   5.8160963e+00  -9.1028394e-01   3.7067327e+00
   5.0342133e+00   9.9063392e+00   3.1660234e-01   5.0342133e+00  -7.1930070e-02   3.1660234e-01
   5.7740727e+00  -8.5515533e-01   6.2639078e+00   6.4730200e+00  -8.5515533e-01   6.2639078e+00
   4.4548644e+00  -3.5029511e-01   2.1109645e+00   4.4548644e+00  -3.5029511e-01   6.2291542e-01
   2.9798381e+00  -1.5646753e-01   4.9221041e+00   2.1469511e+00  -1.5646753e-01   4.9221041e+00
   6.5311292e+00  -5.5397400e-01   6.7273501e+00   7.2658102e+00  -5.5397400e-01   6.2517206e+00
   2.0866493e+00  -1.5026289e-01   4.9176875e+00   2.0963438e-01  -1.5026289e-01   4.9176875e+00
   5.8270997e+00  -1.0222258e+00   1.2604974e+00   6.5326835e+00  -1.0222258e+00   1.2604974e+00
   8.8365533e-01  -3.8739289e-01   7.4272341e+00   1.9855360e+00  -3.8739289e-01   7.4272341e+00
   3.1552275e+00   8.2141911e+00   3.4282801e-02   3.1552275e+00   8.6457293e+00   3.4282801e-02
   3.3749523e+00  -3.7569278e-01   4.3691220e+00   4.2921387e+00  -3.7569278e-01   4.3691220e+00
   1.8561579e+00   8.2148942e+00   4.1450579e-02   1.8561579e+00   8.9068196e+00   4.1450579e-02
   2.1473590e+00  -1.7806484e-01   7.3060700e+00   7.9150144e-01  -1.7806484e-01   7.3060700e+00
   2.1331304e+00  -3.6879198e-01   2.9073191e+00   2.1331304e+00  -3.6879198e-01   3.7256273e+00
  -1.3714361e-01   2.1146430e+00   7.0953487e+00   2.3159921e-01   2.1146430e+00   7.0953487e+00
   2.2935267e+00  -2.7729958e-01   2.7049750e+00   2.2935267e+00  -2.7729958e-01   3.9260496e+00
   2.3362438e+00  -1.6562818e-01   2.3219009e+00   2.3362438e+00  -1.6562818e-01   1.0069315e+00
   4.8106236e+00  -2.7604070e-02  -1.1693618e-01   4.8106236e+00  -2.7604070e-02   9.2642738e+00
   2.5045227e+00  -1.9752928e-01   5.6449359e+00   2.7911410e+00  -1.9752928e-01   5.6449359e+00
   4.5636183e+00  -2.1866980e-01   4.3278649e+00   3.3457406e+00  -2.1866980e-01   4.3154580e+00
   5.8420708e+00   5.0790783e+00  -6.4268755e-01   6.3952081e+00   5.0790783e+00  -6.4268755e-01
   3.2145895e+00  -1.8377023e-01   4.9581180e+00   4.0074876e+00  -1.8377023e-01   4.9581180e+00
   2.2389171e+00  -5.8675126e-02   2.9251608e+00   2.2389171e+00  -5.8675126e-02   4.0432365e+00
   7.2181672e-01  -1.4779319e-01   8.3101272e+00   7.2181672e-01  -1.4779319e-01   7.3105844e+00
   5.0931936e-01   8.7512666e+00  -6.0484923e-02   5.0931936e-01   8.3836889e+00  -6.0484923e-02
   1.7281098e+00   8.4186990e+00   6.6306826e-02   1.7281098e+00   8.8390440e+00   6.6306826e-02
   7.2824974e+00  -6.5474100e-01   3.7000247e+00   6.6754051e+00  -6.5474100e-01   3.3187395e+00
   4.4339554e+00  -3.9267029e-01   5.5962388e-01   3.2947748e+00  -3.9267029e-01   5.5962388e-01
   4.2376095e+00  -5.2841245e-01   6.0732145e-01   3.5582782e+00  -5.2841245e-01   6.0732145e-01
   6.3313143e+00   5.5347746e+00  -9.4853605e-01   5.7692075e+00   5.5347746e+00  -5.5546594e-01
   1.7714082e+00   8.9011325e+00   8.4235945e-02   1.7714082e+00   8.3357780e+00   8.4235945e-02
   7.3126082e-01  -2.1155397e-01   3.9536826e+00   7.3126082e-01  -2.1155397e-01   2.9515395e+00
   2.7063265e+00  -1.8125792e-01   6.5448915e+00   2.7063265e+00  -1.8125792e-01   7.1587461e+00
   8.9490282e+00  -9.7650962e-01  -1.1750264e+00   8.9490282e+00  -3.3360804e+00  -1.1750264e+00
   4.9290529e+00   6.8315428e+00  -1.4927530e-01   4.9290529e+00   4.6518099e+00  -1.7831869e-01
   5.6663885e+00  -7.9878906e-01   4.1463964e+00   6.1543806e+00  -1.0824490e+00   4.1463964e+00
   5.1173883e+00   7.8848929e-01   1.7965617e-01   5.1173883e+00   9.8411132e+00   1.7965617e-01
   3.3701549e+00  -5.0621575e-01   1.8145806e+00   4.2472226e+00  -5.0621575e-01   1.8145806e+00
   3.3343918e+00  -3.2888763e-01   6.5863473e+00   4.2391679e+00  -3.2888763e-01   6.5863473e+00
   7.6981753e-01  -1.7614598e-01   8.2658120e+00   7.6981753e-01  -1.7614598e-01   7.5186685e+00
   4.4370838e+00  -6.3237703e-01   3.9785211e-01   4.4370838e+00  -6.3237703e-01   1.9297286e+00
   7.2650505e+00  -5.4803218e-01   6.2287790e+00   6.5507563e+00  -5.4803218e-01   5.7848723e+00
  -8.5716560e-03   3.8237895e-01  -8.3032127e-01   9.9960591e-01   3.8237895e-01  -8.3032127e-01
   9.0872616e-01  -1.6201828e-01   7.2476906e+00   1.6119180e+00  -1.6201828e-01   7.2476906e+00
   5.1564809e+00   8.5795915e+00   1.7799764e-01   5.1564809e+00   7.9776442e+00   1.7799764e-01
   5.7072329e+00   1.2117577e+00  -6.4822675e-01   5.7051491e+00   1.6936882e+00  -6.4822675e-01
   4.0570161e+00  -1.5542226e-01   4.9129440e+00   3.1969875e+00  -1.5542226e-01   4.9129440e+00
   4.0471269e+00  -1.0476716e-01  -7.0358680e-02   3.1601425e+00  -1.0476716e-01  -7.0358680e-02
   3.3643665e+00  -4.4823963e-01   5.9254153e-01   4.3174357e+00  -4.4823963e-01   5.9254153e-01
   8.7296437e+00   2.6690801e+00  -3.0703229e+00   8.7660660e+00   6.5950287e+00  -3.0703229e+00
   6.5206379e+00  -1.0941378e+00   1.2927294e+00   5.8336890e+00  -1.0941378e+00   1.2927294e+00
   2.6226211e+00  -3.7855652e-01   2.2741305e+00   2.6226211e+00  -3.7855652e-01   1.4337502e+00
   8.1176657e-01  -1.4973335e-01   7.4699939e+00   8.1176657e-01  -1.4973335e-01   7.8115630e+00
   3.3663814e+00  -5.2416784e-01   1.0412414e+00   4.2387667e+00  -5.2416784e-01   1.0412414e+00
   2.7433145e-01   2.1664498e+00   8.2031238e+00  -1.1014778e-01   2.1664498e+00   8.2031238e+00
   5.3953918e+00   7.7717858e+00   1.7640146e-01   5.3953918e+00   8.5667621e+00   1.7640146e-01
   5.8640116e+00   5.3951006e+00  -6.6389083e-01   6.4023683e+00   5.3951006e+00  -6.6389083e-01
   2.5345980e+00  -2.0835953e-01   6.1333004e+00   2.5345980e+00  -2.0835953e-01   7.6966476e+00
   1.5608631e+00  -1.4639538e-01  -3.1554792e-02   3.8882839e+00  -1.4639538e-01  -3.1554792e-02
   5.4323346e+00   7.7690500e+00   2.1121503e-01   5.4323346e+00   9.8701250e+00   2.1121503e-01
   5.5245647e-01   8.4872567e+00  -2.0854015e-02   5.5245647e-01   8.7448473e+00  -2.0854015e-02
   6.5256358e+00   1.8975098e+00  -7.7673133e-01   6.0523705e+00   1.8975098e+00  -7.7673133e-01
   4.3556232e+00   8.7234946e+00   2.0611260e-01   3.2167165e+00   8.7234946e+00   2.0611260e-01
   6.4534424e+00   1.4496639e+00  -7.7623845e-01   5.9033714e+00   1.4496639e+00  -7.7623845e-01
  -1.1480539e-01   2.1534150e+00   8.2439014e+00   2.6401180e-01   2.1534150e+00   8.2439014e+00
   4.6152673e+00   3.7549856e+00   1.2169347e-01  -9.8064143e-03   3.7549856e+00   1.2169347e-01
   9.8357778e+00  -3.8509441e-01  -3.3052411e+00   9.0831835e+00  -3.8509441e-01  -2.7656605e+00
   3.3575277e+00  -5.7847397e-01   6.5020294e-01   4.2480785e+00  -5.7847397e-01   6.5020294e-01
   4.7506525e+00   2.0453010e+00   1.0590975e-02   4.7506525e+00   3.5404176e+00   1.0590975e-02
   1.1725501e+00   8.5256393e+00  -9.7737358e-02   6.6241072e-01   8.5256393e+00  -9.7737358e-02
   3.1832023e+00  -9.2780302e-02   4.8785396e+00   3.9859972e+00  -9.2780302e-02   4.8785396e+00
   2.6960597e+00   4.2420164e+00  -4.1699221e-01   2.6960597e+00   4.2420164e+00   2.4587803e-01
   3.9653914e-01   6.0209983e+00  -1.9685692e-02   3.9209810e-01   6.8796606e+00  -1.9685692e-02
   7.3065668e+00  -7.5440196e-01   1.2155820e+00   6.6327708e+00  -7.5440196e-01   7.6511594e-01
   2.4321795e+00  -2.1912094e-01   6.6260401e+00   2.4321795e+00  -2.1912094e-01   7.1783147e+00
   4.9709956e+00   3.0493969e+00  -5.1726483e-01   4.7334542e+00   3.0493969e+00   7.5682358e-01
   6.5637261e+00  -1.4209918e+00   1.8446145e+00   6.5637261e+00  -6.6152139e-01   1.8446145e+00
  -9.3751198e-02   9.0839513e+00   6.6067115e-02  -9.3751198e-02   6.9578614e+00   6.6067115e-02
   5.6508880e+00  -8.3434208e-01   3.3412483e+00   5.6508880e+00  -8.3434208e-01   4.1083833e+00
   6.4112647e-01   8.4350951e+00   8.6429220e-03   1.5165066e+00   8.4350951e+00   8.6429220e-03
   5.5742618e+00   8.2352560e+00   1.0387500e-01   5.5742618e+00   7.8643327e+00   1.0387500e-01
   4.9873942e+00  -1.6380460e-01   2.8957408e-01   4.9873942e+00   9.8955117e+00   2.8957408e-01
   1.9359284e+00   4.8779341e+00   9.6195447e-02   1.9359284e+00   5.7607529e+00   9.6195447e-02
   6.5349682e+00  -1.3294526e+00   4.3430692e+00   6.5349682e+00  -6.2078980e-01   4.3131240e+00
   5.5142548e+00  -7.1278066e-01   4.1633675e+00   5.5142548e+00  -7.1278066e-01   3.5685530e+00
   1.0768307e+00  -1.6228993e-01  -3.9904936e-02   1.4741741e+00  -1.6228993e-01  -3.9904936e-02
   5.6839337e+00  -9.4073234e-01   8.8010902e-01   5.6839337e+00  -9.4073234e-01   1.5664389e+00
   2.0416074e+00  -2.4701499e-01   6.4325419e+00   2.0416074e+00  -2.4701499e-01   6.9136190e+00
   8.5902642e-01  -4.1241698e-01   7.6802701e+00   8.5902642e-01  -4.1241698e-01   7.4477948e+00
   2.4885683e+00  -2.5103671e-01   7.7110612e+00   2.4885683e+00  -2.5103671e-01   7.4101136e+00
   3.5380098e+00   8.2082956e+00   1.0741245e-01   3.9897389e+00   8.2082956e+00   1.0741245e-01
   4.5644502e+00   2.8120314e+00  -1.1237453e-01   4.1075718e+00   2.8120314e+00  -1.1237453e-01
   1.4729010e+00  -3.8544514e-01   5.6260907e+00   1.0694364e-01  -3.8544514e-01   5.6260907e+00
   3.1542731e+00   6.9482830e+00   1.3072273e-01   3.1542731e+00   7.3853569e+00   1.3072273e-01
   2.8764844e-01   2.0486770e+00   4.4093989e+00  -9.1710804e-02   2.0486770e+00   4.4093989e+00
  -8.9259079e-01   9.6086213e-01   5.8011442e+00  -8.9259079e-01  -1.9062724e+00   5.8011442e+00
   6.5783045e+00  -8.2140214e-01   4.0958893e+00   6.5783045e+00  -8.2140214e-01   3.5394562e+00
   8.8108938e+00  -3.2122336e-01  -3.2252736e+00   8.8108938e+00   1.4227161e+00  -3.2252736e+00
   3.3614364e+00  -5.3675403e-01   1.4242290e+00   4.2466151e+00  -5.3675403e-01   1.4242290e+00
   1.4371567e+00   4.6073862e-01   6.2149537e-03   1.7847048e+00   8.3963986e-01   6.2149537e-03
   8.9676671e+00  -3.5174627e-01  -1.9162210e+00   1.0264281e+01  -3.5174627e-01  -1.9162210e+00
   6.3961046e+00   5.1311613e+00  -6.5923068e-01   5.8697091e+00   5.1311613e+00  -6.5923068e-01
   5.6018913e+00  -6.6166009e-01   5.9712164e+00   5.6018913e+00  -6.6166009e-01   6.6492373e+00
   7.1125931e+00   7.3345437e+00  -3.1215056e-01   5.6725301e+00   7.3345437e+00  -3.1215056e-01
  -1.0829989e-01   5.7401697e+00  -2.6505530e-02  -1.0829989e-01   4.0387436e+00  -2.6505530e-02
   7.0930344e+00   8.8556510e+00   5.4488696e-02   7.0707758e+00   7.8690500e+00   5.4488696e-02
   2.7328535e+00  -2.9292012e-01   2.3729101e+00   2.7328535e+00  -2.9292012e-01   1.9320854e+00
   4.6856266e+00   3.4937761e+00  -7.7989270e-03   4.6902815e+00   2.0706206e+00  -7.7989270e-03
   2.2403472e+00  -1.6716674e-01   1.1958675e+00   2.2403472e+00  -1.6716674e-01   2.2714507e+00
   7.0602767e+00  -7.1517028e-01   3.7116193e+00   6.6794834e+00  -7.1517028e-01   3.4737158e+00
   3.4421516e+00   2.0410132e+00   3.5718652e-02   3.4421516e+00   3.6124317e+00   3.5718652e-02
   5.4864187e+00  -6.4595806e-01   6.4271828e+00   5.4864187e+00  -6.4595806e-01   5.8208001e+00
   2.8476323e+00  -1.7541761e-01   6.8838513e+00   2.8476323e+00  -1.7541761e-01   7.1782259e+00
   2.4870920e+00  -2.7764512e-01   6.5505454e+00   2.4870920e+00  -2.7764512e-01   6.0108187e+00
   4.6920344e-01   8.3783444e+00   5.2597676e-02   4.6920344e-01   8.8108381e+00   5.2597676e-02
   3.1648227e+00  -1.2973651e-01   7.1624847e+00   3.1648227e+00  -1.2973651e-01   6.4964572e+00
   6.6075308e+00  -9.1871224e-01   1.5858089e+00   6.6075308e+00  -9.1871224e-01   1.0636005e+00
  -9.3034916e-02   2.0297962e+00   4.4554185e+00   3.0256838e-01   2.0297962e+00   4.4554185e+00
   9.4631142e+00  -5.7576213e-01  -2.2241788e+00   9.4631142e+00  -5.7576213e-01  -3.0146699e+00
  -1.9137030e-01   5.3911337e+00   2.1205919e+00  -1.9137030e-01   1.0687440e+01   2.5940817e+00
   2.0843664e+00  -3.5924216e-01   2.9336940e+00   1.7066485e+00  -3.5924216e-01   2.9336940e+00
   2.4291675e+00  -2.0964348e-01   7.2483620e+00   2.4291675e+00  -2.0964348e-01   7.6697447e+00
   3.2164402e+00  -3.9685967e-01   2.1256806e+00   3.2164402e+00  -3.9685967e-01   6.3877957e-01
  -9.5382740e-02   3.7748531e-01  -1.4793918e+00  -9.5382740e-02   3.7748531e-01  -3.8977145e-01
   1.8617394e+00   2.1277651e-01   4.6158349e+00   1.8617394e+00  -5.2525193e-01   4.6158349e+00
   6.7798372e-01  -2.6270368e-01   7.2238974e+00   6.7798372e-01  -2.6270368e-01   7.5108341e+00
   1.9206220e+00   7.8188934e+00   8.2405746e-02   1.9206220e+00   8.0750666e+00   8.2405746e-02
   3.2214250e+00   8.6031858e+00  -1.3774692e-03   3.2214250e+00   8.1313519e+00  -1.0082175e-01
   6.5406557e+00  -7.2051985e-01   6.5126642e+00   6.5406557e+00  -7.2051985e-01   6.0657897e+00
   5.5343478e+00  -5.2003595e-01   7.7619040e+00   5.5343478e+00  -5.2003595e-01   7.4276811e+00
   1.9895504e+00   5.5948156e+00   1.1438187e-01   1.9895504e+00   4.9525400e+00   1.1438187e-01
   4.4954155e+00  -1.7053642e-01   6.5452254e+00   3.3581252e+00  -1.7053642e-01   6.5452254e+00
   2.4250232e-01   2.1374053e+00   7.0577454e+00  -1.3000031e-01   2.1374053e+00   7.0577454e+00
  -8.5240988e-02  -3.1277892e-01   2.0334473e-01  -8.5240988e-02  -3.1277892e-01   3.3949397e+00
   6.0247590e+00  -2.6553731e-01  -8.7329848e-01   8.6277966e+00  -2.6553731e-01  -3.0151579e+00
  -7.8654459e-01  -4.8717283e+00   5.3008718e+00  -9.6808843e-01   1.8592136e+00   5.3008718e+00
  -7.8752254e-01  -4.8423934e+00   6.2215808e+00  -1.0329568e+00   3.5021069e+00   6.2215808e+00
   9.7051485e-01   8.3804013e+00   1.0305947e-01   1.3226385e+00   8.3804013e+00   1.0305947e-01
   3.6004952e+00  -1.2128570e-01   5.1214327e+00   3.6004952e+00  -1.2128570e-01   5.6906206e+00
   6.3584233e+00   7.8125369e+00   9.9273779e-02   7.0482076e+00   7.8125369e+00   9.9273779e-02
   2.0290387e+00  -4.2735550e-01   7.8554792e+00   2.0290387e+00  -4.2735550e-01   8.1427337e+00
  -1.4400575e-01   1.8410862e+00   6.8934569e+00  -1.4400575e-01   1.8410862e+00   5.6675106e+00
  -1.0229042e-01   2.1987271e+00   2.4121985e+00  -1.0229042e-01   2.1987271e+00   2.9150624e+00
   1.7300403e+00  -1.7325315e-01   5.2660315e+00   1.8925677e+00  -1.7325315e-01   5.5861356e+00
  -8.5417654e-01   1.6113334e+00   3.8142845e+00  -8.5417654e-01   3.8862287e+00   3.8142845e+00
   1.3868194e-01  -2.2024501e-01   7.8577821e+00   1.3868194e-01  -2.2024501e-01   7.2008400e+00
   5.8606687e+00   9.8034520e-01  -6.8594357e-01   6.3774773e+00   9.8034520e-01  -6.8594357e-01
  -8.1111776e-01  -5.2406635e+00   7.1135609e+00  -1.0358141e+00   2.7861863e+00   7.1135609e+00
   5.6163104e+00   7.5481859e+00  -1.6182782e-01   6.9710722e+00   7.5481859e+00  -1.6182782e-01
   5.4333930e+00  -4.2054143e-01   8.6030460e+00   5.4333930e+00  -4.2054143e-01   8.0565158e+00
  -8.5247236e-01   5.3300749e-01   4.6989139e+00  -8.8893169e-01   4.7590156e+00   4.6989139e+00
   8.6141071e-01  -4.5458742e-01   8.1041028e+00   8.6141071e-01  -4.5458742e-01   7.8671800e+00
   8.6607826e-01  -3.3534943e-01   2.1756195e+00   8.6607826e-01  -3.3534943e-01   2.6206137e+00
   2.0271747e+00  -4.5806505e-01   7.4233698e+00   2.0271747e+00  -4.5806505e-01   7.6993071e+00
   5.7692960e+00   1.8131232e+00  -6.3194123e-01   5.7692960e+00   1.0996371e+00  -6.3194123e-01
   4.4261555e+00   3.9729669e+00   3.9624797e-02   4.4261555e+00   4.3843402e+00   3.9624797e-02
   1.8748181e+00   6.6449548e+00  -8.3229610e-01   1.8748181e+00   6.6449548e+00   1.9384128e+00
   1.0208165e+01  -1.7716875e+00  -9.7561994e-01   9.0267989e+00  -1.7716875e+00  -9.7561994e-01
   3.0144607e+00  -1.7812401e-01   3.9673201e+00   3.0144607e+00  -1.7812401e-01   4.2765239e+00
   8.1571655e-01  -8.6500853e-02   8.0088563e+00   8.1571655e-01  -8.6500853e-02   8.2815860e+00
   2.1481958e+00  -2.2520928e-01   5.1805076e+00   2.1481958e+00  -2.2520928e-01   5.4946620e+00
   5.2935219e+00  -3.3447184e-01   7.1014451e+00   5.2935219e+00  -3.3447184e-01   7.9950210e+00
  -1.0453513e-01   2.1855439e+00   9.0501696e+00  -1.0453513e-01   2.1855439e+00   8.2983140e+00
  -1.1937751e-01   1.9631263e+00   5.6960141e+00  -1.1937751e-01   1.9631263e+00   4.4456878e+00
   7.4231214e+00   1.5292189e+00  -1.2145933e+00   7.4231214e+00   1.5292189e+00  -1.8628867e+00
   1.9471485e-01   7.1066118e+00   1.0635150e-02   1.9471485e-01   6.8015726e+00   1.0635150e-02
  -1.1097634e-01   1.8626972e+00   4.2588505e+00  -1.1097634e-01   1.8626972e+00   2.6755622e+00
   5.3480812e+00  -3.9533632e-01   7.9889442e+00   5.3480812e+00  -3.9533632e-01   7.3277813e+00
  -1.0114240e-02  -4.9387172e-01   5.0622332e+00  -1.0114240e-02  -4.9387172e-01   5.7674378e+00
   3.0002531e+00   2.6177857e+00  -1.0735262e-01   3.0002531e+00   8.1574087e-01  -1.0735262e-01
   8.7156349e+00  -3.2557493e+00   5.2555319e+00   8.7156349e+00  -3.2557493e+00  -6.1742559e-01
  -2.2008777e-01   7.6062881e+00   7.5254987e+00  -2.2008777e-01   8.3708463e+00   7.5254987e+00
   7.2531003e+00  -1.7992833e+00   3.9117996e+00   7.2531003e+00  -6.4133144e-01   3.9117996e+00
   1.3410687e-01   2.0382362e+00   2.7138707e+00   1.3410687e-01   2.5582894e+00   2.7138707e+00
  -2.9967835e-02  -3.2348412e-01   1.5711302e+00  -2.9967835e-02  -3.2348412e-01   4.6005489e-01
   5.1737393e+00  -1.7721375e-01   8.0720576e+00   5.1737393e+00  -1.7721375e-01   8.4596797e+00
   5.1810899e+00  -2.2272695e-01   7.0946606e+00   5.1810899e+00  -2.2272695e-01   7.6106109e+00
   2.2260153e+00   7.7547046e+00   1.2837862e-02   2.2260153e+00   7.2471331e+00   1.2837862e-02
  -7.7587854e-02   1.5988990e-01   6.4701250e+00  -7.7587854e-02   1.5988990e-01   6.7794354e+00
  -1.3409290e-01   2.3137880e+00   2.3938600e+00  -1.3409290e-01   5.3752742e+00   2.3938600e+00
   6.4021401e+00  -7.5120440e-01   5.8507114e+00   5.6733671e+00  -7.5120440e-01   5.8507114e+00
   7.2868394e+00  -1.9974556e+00   1.4447400e+00   7.2868394e+00  -6.3765285e-01   1.4447400e+00
  -1.1985761e-01   2.1529259e+00   8.1660246e+00  -1.1985761e-01   2.1529259e+00   7.1638081e+00
   9.4992985e+00  -3.1787414e+00  -2.3504337e+00   9.4992985e+00  -4.9744467e+00  -2.3504337e+00
  -1.2917826e+00  -1.1312502e+00  -1.1586045e-01  -1.2917826e+00   7.8741886e-01  -1.1586045e-01
  -6.2846493e-01   9.4043372e-01   2.2623558e+00  -3.2806069e-01   9.4043372e-01   4.2538899e+00
   5.4397122e+00  -4.4860676e-01   7.8881812e+00   5.4397122e+00  -4.4860676e-01   7.5581952e+00
   2.6617032e+00  -2.5938319e-01   1.3967375e+00   2.6617032e+00  -2.5938319e-01   2.0971908e+00
   6.4329141e-01   6.3562323e+00  -2.4792718e-01   1.1832257e+00   6.3562323e+00  -2.4792718e-01
  -8.0782069e-02   1.7306632e+00  -1.8156045e-02  -8.0782069e-02   1.1805558e+00  -1.8156045e-02
   8.6762670e+00   2.5463972e+00  -2.9258347e+00   8.6720112e+00   4.0262269e+00  -2.9258347e+00
  -1.2813710e-01   3.8575488e+00   4.2395169e-01  -1.2813710e-01   3.8575488e+00   1.1124422e+00
   6.2937896e+00   7.7158513e+00   1.7045522e-02   5.5625083e+00   7.7158513e+00   1.7045522e-02
   7.1053089e+00   7.7186564e+00   3.1593627e-02   6.3253644e+00   7.7186564e+00   3.1593627e-02
  -9.2916784e-02   7.0709243e+00   7.0461463e-02  -9.2916784e-02   5.9164715e+00   7.0461463e-02
   4.5260544e-01  -4.7396141e-01   2.1184860e+00   4.5260544e-01  -4.7396141e-01   2.7720941e+00
   5.6725354e+00   6.0255175e+00  -2.5047768e-01   5.6725354e+00   7.0733069e+00  -2.5047768e-01
   6.1934551e+00  -9.6391118e-01   6.3018259e+00   6.4569924e+00  -9.6391118e-01   6.3018259e+00
  -1.6984446e-01   6.7796284e+00   1.6825820e+00  -1.6984446e-01   7.6170482e+00   1.6825820e+00
  -7.1280352e-02  -3.2758344e-01   5.2414922e+00  -7.1280352e-02  -3.2758344e-01   5.8794001e+00
   1.8094563e+00  -2.4978686e-01   2.1472393e+00   2.1679837e+00  -2.4978686e-01   2.1472393e+00
   5.9181568e+00   1.7196829e+00  -7.6439599e-01   6.4293010e+00   1.7196829e+00  -7.6439599e-01
   1.2343902e-01  -2.8794918e-01   7.0597585e+00   1.2343902e-01  -2.8794918e-01   6.2064540e+00
   3.1491144e+00  -1.1944086e-01   8.2028771e+00   3.1491144e+00  -1.1944086e-01   7.8730460e+00
   1.7363854e-01  -2.2463075e-01   6.2964567e+00   1.7363854e-01  -2.2463075e-01   6.7415170e+00
  -1.3229183e-01   4.6052855e+00   2.0198511e+00  -1.3229183e-01   4.6052855e+00   7.5712206e-01
  -1.0760945e+00  -6.6072644e-01  -5.9099445e+00  -1.0760945e+00  -2.5831079e+00  -5.9099445e+00
  -1.7023238e-01   5.9930052e+00   1.5663364e+00  -1.7023238e-01   6.4706748e+00   1.5663364e+00
  -1.1583077e-01   7.0635793e+00   2.7387518e-01  -1.1583077e-01   7.7286226e+00   2.7387518e-01
  -1.5509857e-01   3.3116434e+00   3.3432756e-01  -1.5509857e-01   1.6207401e+00   3.3432756e-01
   1.0468583e+00   8.0652164e+00   1.6213627e-01   1.0468583e+00   7.5381813e+00   1.6213627e-01
   7.2826425e+00   4.8032697e-01   1.9669621e+00   7.2826425e+00  -1.7231617e+00  -5.4771422e-01
   3.2091917e+00  -2.7871908e-01   7.7519079e+00   3.2091917e+00  -2.7871908e-01   8.1327270e+00
   4.7352810e-01   6.7571507e+00  -3.1213388e-01   4.7352810e-01   6.0356169e+00  -3.1213388e-01
   1.4867816e-01   7.4287324e+00   5.8560294e+00   2.4285699e-01   4.2602477e+00   5.8560294e+00
   7.2873739e+00  -1.8579033e+00   6.3263770e+00   7.2873739e+00  -4.4706662e-01   6.3263770e+00
   5.2258627e+00  -2.6167168e-01   7.2996057e+00   5.2258627e+00  -2.6167168e-01   8.0314537e+00
   1.9673240e-01   5.0469130e+00   7.8011594e+00   1.9673240e-01   7.0191857e+00   7.8011594e+00
  -7.4467254e-01   2.3908647e+00   2.4372594e+00  -7.4467254e-01   4.2148024e+00   2.4372594e+00
   1.2715411e-01  -2.3932905e-01   4.3505917e+00   1.2715411e-01  -2.3932905e-01   3.6721296e+00
  -1.5192912e-01   6.7683089e+00   6.6868809e-01  -1.5192912e-01   6.1499140e+00   6.6868809e-01
