   3.7585792e+00  -4.4845037e-01   4.4300374e+00
   1.0378863e+00  -5.4627892e-01   3.4601538e+00
   1.5606923e+00  -5.2117110e-01   3.4636809e+00
   1.4071907e+00  -4.6371818e-01   7.5323397e+00
   1.6077277e+00  -3.7086333e-01   7.5635245e+00
   1.5565985e+00  -4.1630938e-01   7.5945288e+00
   1.5549637e+00  -4.0336987e-01   7.5518615e+00
   6.5045951e+00  -8.8665432e-01   3.9667307e+00
   1.7725121e+00  -3.7259408e-01   7.5656753e+00
   1.8181694e+00  -3.6251484e-01   7.5668869e+00
   1.7716374e+00  -4.1730672e-01   7.5919158e+00
   6.4366998e+00  -8.0034555e-01   6.1769250e+00
   4.2378571e+00  -3.9734610e-01   4.4446869e+00
   1.4686552e+00  -6.0122059e-01   2.8221952e-01
   5.7878913e+00  -8.2098555e-01   6.1755286e+00
   1.5622200e+00  -4.7742643e-01   3.1565709e+00
   9.3495719e-01  -3.5374882e-01   8.1320669e+00
   6.6335596e-01   8.5024788e+00  -1.0626425e-01
   6.5609315e-01   6.2047254e+00  -1.4891229e-01
   5.8092844e+00  -9.1754549e-01   3.9708119e+00
   9.3969152e-01  -3.4688189e-01   7.7135707e+00
   1.0147763e+00  -6.0868209e-01   2.7927824e-01
   3.4237248e+00  -4.1387303e-01   6.6148532e+00
   6.3090509e+00   7.7299148e+00   5.5353324e-02
   1.0312595e+00  -4.8065200e-01   1.8318800e+00
   1.2778854e+00   6.5824856e+00  -1.8316962e-01
   5.5923925e+00  -6.4061920e-01   6.6975334e+00
   6.1179408e-01   8.7544852e+00  -2.5847855e-02
   1.4656887e+00  -6.7084472e-01   1.2371145e+00
   5.8599483e+00  -1.0660607e+00   9.4932335e-01
   1.4332211e+00   6.1943717e+00  -1.5326150e-01
   1.9746351e+00  -4.1278697e-01   7.5373974e+00
   9.6661246e-01  -3.8646635e-01   1.5722257e+00
   2.0152355e+00  -4.8384434e-01   3.4802533e+00
   5.1144536e+00  -3.2810986e-01   3.8149977e+00
   8.5471730e-01   6.1710673e+00  -1.9338014e-01
   7.2858676e+00   1.4424816e+00  -5.2206644e-01
   1.5553210e+00  -4.8304055e-01   1.9015308e+00
   3.4613492e+00  -4.4856940e-01   2.0303663e+00
   3.4631021e+00  -5.5223509e-01   1.1201847e+00
   1.0445336e+00   8.4815472e+00  -8.7037398e-02
   5.4096160e+00  -4.8379860e-01   6.4475214e+00
   5.1872727e+00  -2.7124184e-01   5.3782986e-02
   1.9789780e+00  -4.7978222e-01   3.2494830e-01
   7.3000555e+00   5.1479018e+00  -3.6583403e-01
   5.6643704e+00   8.8119203e+00   4.8090165e-02
   6.9428888e+00   7.7218147e+00   4.0875045e-02
   5.0996231e+00  -3.1245606e-01   4.9435241e+00
   7.2802843e+00  -6.2537318e-01   3.7272956e+00
   6.7008239e+00   8.2203183e-01  -5.5266029e-01
   6.3699571e+00   8.9867417e+00   2.2081177e-04
   4.3609276e+00   2.8776239e+00  -1.8070034e-01
   5.6706439e+00   9.2337752e+00   6.0109890e-02
   5.6812095e+00   8.9864604e+00  -1.7616562e-02
   5.6688360e+00  -6.5803703e-01   8.2122108e+00
   4.8915422e+00   2.2275062e-02   6.4101795e+00
  -1.6530270e-02   3.8264429e+00   1.2379884e-01
   5.1107509e+00  -2.7415791e-01   6.3280803e+00
   4.1090691e+00  -5.5893010e-01   7.6178841e-01
   1.8414393e+00   8.9692267e+00   1.2830689e-01
   7.0179442e+00   1.7821901e+00  -1.5189795e+00
   6.5785978e+00   9.0198466e+00  -2.7668513e-02
   2.1534436e+00  -1.2070608e-01   8.2716484e+00
   4.3615124e+00   3.2256912e+00  -1.8017967e-01
   8.8913982e+00  -4.0347104e-01  -2.6623945e+00
   3.8888863e+00   3.0387162e+00  -1.4047997e-01
   6.1294478e+00  -7.7607997e-01   6.0401943e+00
   6.5883727e+00   9.1729586e+00  -5.3491836e-02
   5.2442896e+00  -4.9816963e-01   3.5944399e+00
   3.8416618e+00   2.2945595e+00  -1.7329809e-01
   1.4412180e+00   8.5050024e+00  -4.7751703e-02
   3.8309897e+00   3.0271294e+00  -1.4594281e-01
   8.9119364e+00  -3.2302965e+00  -5.8843876e-01
   3.2418893e+00   8.6303670e+00   2.3226769e-02
   2.0227671e+00  -5.4589961e-01   1.2529673e+00
   3.6509442e+00   2.1558374e+00  -2.1725991e-01
   6.0925415e+00   4.6079665e+00  -6.7638268e-01
   4.9544270e+00   2.3028874e+00   1.8686767e-01
   5.9973529e+00   3.5376180e+00  -7.6924543e-01
   4.3645769e+00   2.1814142e+00  -1.8221708e-01
   3.1931030e+00   4.7060616e-01   5.6995330e+00
   8.6715114e+00   4.5597104e+00  -3.0027863e+00
   5.7511701e+00  -9.4218169e-01  -5.7120923e-01
   4.9393644e+00  -2.0708087e-01   2.2593723e+00
   4.1055277e+00   2.1743938e+00  -2.0101019e-01
   6.6483006e+00   2.0411703e+00  -1.2439570e+00
   5.3275024e+00   7.7035154e+00   2.1103394e-02
   3.8615620e+00   3.3992334e+00  -1.5149540e-01
   7.6335539e+00  -2.2636564e+00   6.5288803e+00
   5.8577278e+00  -1.0004615e+00  -7.1652256e-01
   3.8583133e+00   2.5413521e+00  -8.0578494e-02
   6.0290898e+00  -9.7280907e-01   8.2220391e+00
   8.0554056e+00  -2.5662565e+00   4.3030984e+00
   8.4935239e+00  -2.9372832e+00   5.3298285e+00
   2.1154635e+00  -1.3165558e-01   4.9250141e+00
   1.6462361e+00   8.2643784e+00   1.7543266e-01
   5.8201109e+00   5.6790071e+00  -5.6607534e-01
   1.6460659e+00   6.5944554e+00  -1.7392675e-01
   6.7876695e-02  -3.6337515e-01   5.2714092e+00
   3.0040755e+00  -2.0569167e-01   4.8880265e+00
   8.8336316e+00  -4.3367192e-01  -2.4316354e+00
   8.6558087e+00   5.2353618e+00  -2.9734732e+00
   4.4760682e+00  -1.3883410e-01   6.8742055e+00
   4.1157985e+00   3.4368337e+00  -9.9845839e-02
   6.2928543e+00   2.5789702e+00  -1.0533941e+00
   5.3326311e+00  -4.1009341e-01   8.3078758e+00
   5.1650525e+00   4.6302394e+00   1.7802918e-01
   8.5947977e+00  -2.9750717e+00   4.6408236e+00
   5.8810147e+00   4.4523517e+00  -6.0970141e-01
   1.9024146e+00  -2.1220008e-01   3.9852236e+00
   3.2070829e+00  -1.8042356e-01   4.8904620e+00
   5.1270448e+00  -3.5681132e-01   4.3176179e+00
   5.5698596e+00   7.4538133e+00  -2.1669977e-01
   6.7539301e+00  -1.4859081e+00   7.6588030e+00
   5.9637718e+00   8.6473638e+00   8.9133877e-02
   4.2400180e+00  -1.3936306e-01   4.9640361e+00
   5.0412431e+00  -2.3160496e-01   5.1848399e+00
   7.2147871e+00   2.6349517e+00  -1.7886180e+00
   5.1767005e+00  -3.5350671e-01   5.2993506e+00
   1.6417530e+00   9.1012314e+00   6.1549938e-02
   4.1800133e-01   6.0130400e+00   1.4262198e-02
   5.5376358e+00  -7.6571166e-01   6.4238994e-01
   5.4388432e+00  -5.9270804e-01   4.6845968e+00
   6.4326490e+00   5.2628342e+00  -7.1494785e-01
   7.2931762e+00  -1.9716656e+00  -6.5050842e-01
   8.8195661e+00  -3.3393083e+00  -6.8259071e-01
   7.5798960e+00  -2.2023977e+00   7.5542765e+00
   1.9620321e+00   5.9361154e+00   1.5699179e-01
   1.6834500e+00   9.0683784e+00   1.6796600e-01
   4.6674989e+00   1.9970928e-02   6.2885618e+00
   1.7439706e+00  -1.3536565e-01   7.2609613e+00
   5.9966106e+00   8.7900648e+00   3.2410459e-02
   4.3530343e+00   6.9970304e+00  -3.9519965e-02
   4.7058026e+00   3.7166629e+00   1.3180593e-01
   5.8433488e+00  -7.9282330e-01   7.6778262e+00
   2.4631403e+00  -1.8819132e-01   4.7977613e+00
   4.9869142e+00  -1.4917142e-01   6.9055842e+00
   6.0218457e+00   9.1716145e+00  -5.1074592e-02
   6.4195525e+00   1.9027437e+00  -9.2118922e-01
   5.0370315e+00  -3.9561651e-01  -5.8714063e-02
   7.4134081e+00  -2.0659000e+00   3.9654898e+00
   7.0476077e-01   9.0285206e+00   2.1120320e-02
   4.5732618e+00   2.2148875e+00  -1.3331368e-01
   5.3013594e+00  -6.1203323e-01   1.3338394e-01
   2.3092457e+00  -5.6409007e-02   8.4187460e+00
   5.7951666e+00  -8.3019003e-01   4.7409693e+00
   6.5390161e+00   7.3986433e+00  -2.0526419e-01
   4.8098805e+00  -2.1914681e-01  -2.7870269e-02
   1.7783107e+00   6.9531584e+00   4.0702116e-02
   5.5298109e+00  -6.0621003e-01   7.4588962e+00
   7.8548430e+00  -2.4192860e+00   6.1245294e+00
  -1.2057174e-34  -5.3239471e-35  -2.1571381e-32
   4.9547778e+00  -1.5875303e-01   6.7957412e+00
   3.7314003e-01  -1.7573423e-01   4.9179793e+00
   5.8689442e+00  -1.0275655e+00   1.6756260e+00
   6.0166249e+00   6.3808026e+00  -7.0618194e-01
   1.4419090e+00   8.5984588e+00  -1.2921857e-01
   5.5510615e+00  -5.9869805e-01   7.0600254e+00
   4.9443382e+00   7.7121009e+00   1.3699642e-01
   8.4152191e+00  -2.8722860e+00   5.0838188e+00
   4.9796765e+00   4.0593556e+00   1.6259107e-01
   1.7016365e+00   6.8996103e+00  -4.6646605e-02
   3.1723085e+00   5.3140251e+00   2.8067627e-02
   3.6089585e-01   3.9041285e+00   2.3710397e-02
   1.7047573e+00   1.1772579e+00  -1.3739299e-01
   5.6905980e+00   6.3488727e+00  -4.7055838e-01
   4.8972257e+00  -9.4161130e-02   8.1282033e+00
   2.3420449e+00  -2.7458023e-01   9.8908697e-01
   5.2508677e-01   3.5663861e+00   2.0554508e-02
   1.7917768e+00  -3.3435298e-01   9.2831079e-01
   1.0356028e+00  -8.5509755e-02  -4.3195423e-02
   8.7172666e+00   8.1503576e-01  -3.1200547e+00
   8.5002732e+00   2.0755503e+00  -2.8998636e+00
   6.1535884e+00   1.0420859e+00  -6.1821369e-01
   1.9774256e-01   9.0758780e+00   4.6776316e-02
   4.4183241e+00   8.5696521e+00  -1.9255243e-02
   6.8123116e+00   5.6416799e+00  -1.2237728e+00
   7.8996888e+00  -2.6881804e+00   1.6593400e+00
   3.9599721e+00   7.2519192e+00  -4.7975773e-02
   4.5407268e+00   8.4648139e+00   3.3688540e-02
   8.2808085e+00  -2.7072311e+00   3.6686209e+00
   6.0362005e+00  -1.0111176e+00   4.2778625e+00
   2.6907588e-01  -3.2467719e-01   3.3108038e+00
   8.0653794e-01   8.0312903e+00   7.6485910e-02
   1.9842129e+00   8.4508954e+00   1.4458327e-01
   1.1280834e+00   4.2996106e-01   1.2400406e-02
   4.7034483e+00   6.0316331e-02   2.5251761e+00
   2.1474169e+00  -4.0433248e-01   1.8516046e-01
   2.0116827e+00   3.8174825e-01  -4.6772581e-02
  -4.7157118e-02   8.6697758e+00   2.1686460e-02
   1.4923757e+00   3.7105161e+00   7.0740992e-02
   4.3049293e+00   5.8382681e+00   7.6998534e-02
   9.6932273e-01   4.2662563e+00  -1.0415959e-03
   5.3806623e+00   5.1898513e+00  -1.5731673e-01
   3.6164800e+00   8.3438540e+00  -9.1470311e-03
   4.2180428e-01   8.9328536e+00   3.1170782e-03
   6.4318796e+00  -1.2241668e+00   7.3788802e+00
   1.4143345e+00   4.3444202e+00   3.0935680e-02
   7.8851268e-02   6.9476388e+00   5.8793496e-02
   4.3015119e+00   8.1698692e+00   1.0924635e-01
   3.0918098e+00   9.2677021e+00   1.0932247e-01
   6.0093996e-01   4.3480756e+00   1.4487692e-02
   8.1935686e+00  -2.7893097e+00   3.5297345e+00
   6.2536523e+00   3.4414384e+00  -9.5718874e-01
   1.9513135e+00  -1.9869817e-01   6.1000306e+00
   4.7420431e+00  -1.6661078e-01   3.2539700e+00
   2.7655689e-01  -1.4802146e-01   3.2180071e+00
   8.1915102e+00  -2.6502096e+00  -9.5094749e-01
   8.3374793e+00   1.4486649e+00  -2.8160719e+00
   5.8164039e+00   2.5775501e+00  -5.6536958e-01
   8.2036491e+00  -2.6751239e+00   4.1199657e+00
   2.0834033e+00   9.1410629e+00   7.9634349e-02
   5.2612303e+00   2.7680978e+00  -6.0031048e-02
   2.0043118e+00   2.3575010e+00   1.5348265e-02
   2.6784229e+00   8.7850659e+00   8.4362184e-02
   5.8534606e-01   3.3746883e+00   3.7184707e-02
   5.9442196e+00  -9.0175956e-01   5.4632085e+00
   5.6936266e+00   3.2467746e+00  -5.0235839e-01
   2.5575498e+00  -1.9152863e-01   6.8560793e+00
   8.4751289e-01  -2.1753999e-01   6.5840313e+00
   7.3133590e+00  -1.9545034e+00   7.3437289e+00
   9.7204312e+00  -1.8529827e-01  -1.8081170e+00
   4.1251857e+00   8.4499110e+00  -1.0427534e-01
   1.8267478e+00  -1.7804904e-01   6.1552453e+00
   6.0559740e+00   5.0613901e+00  -6.5015556e-01
   2.6889152e+00  -1.4134991e-01   6.3755711e+00
   1.8268480e+00   2.1036420e+00  -4.2607627e-03
   1.6543276e+00   3.6534642e+00   6.5036773e-02
   8.6348062e+00  -3.1817773e+00   8.3258238e-01
   2.1960796e+00   7.2662940e+00   6.7380997e-02
   4.6628727e+00   4.2234391e-02   7.4028014e+00
   1.2477133e+00   3.1024094e+00   2.4467540e-02
   7.1251116e+00   2.9824662e+00  -1.7338685e+00
   7.5983478e+00   2.9140057e+00  -2.0706516e+00
   2.7079586e+00   3.6132939e+00  -8.1278503e-03
   3.9196207e+00   8.6267097e+00   5.7321247e-02
   2.7991624e+00  -1.5090990e-01   6.0254860e+00
   7.6288000e+00   1.6962347e+00  -2.1836235e+00
   1.2683500e+01  -1.0199025e+01  -5.4766869e+00
   5.2348651e+00  -5.3088847e-01   1.0300828e+00
   7.1339796e+00  -5.6622103e-01   6.0386977e+00
   4.9897897e+00  -1.3419909e-01   7.1530210e+00
   5.5757123e+00   3.5055973e+00  -3.8727110e-01
   9.6923196e+00  -3.5557866e-01  -3.1513145e+00
   7.7557055e+00  -2.2772398e+00  -6.1832816e-01
   2.2397444e+00  -1.5536430e-01   6.1545220e+00
   1.8961293e+00   3.4478341e+00   5.2342864e-02
   6.7292878e+00   2.0041688e+00  -9.3002844e-01
   5.8461652e+00   1.2234635e-02  -6.8734565e-01
   1.6954502e+00  -2.7104480e-01   2.7664714e+00
   8.5843938e+00  -3.0503110e+00   2.0505500e+00
   7.2875308e-02   2.2818562e+00  -2.3506564e-02
   3.1373302e+00  -1.4194501e-01   4.7455377e+00
  -2.2440950e-02   8.3381324e+00   1.3125137e-01
   7.0263262e+00  -8.3712955e-01   3.9999850e+00
   1.2521427e+00  -1.0863426e-01   6.6622443e+00
   3.9538027e+00   7.0947938e+00   8.1171738e-02
   5.6650118e+00   6.7142224e+00  -4.0575628e-01
   6.2524875e+00  -1.1043017e+00   6.9112385e+00
   6.9819849e+00  -1.7284165e+00   4.3909545e+00
   2.2195673e+00   6.6120644e+00   8.5346426e-02
   2.0499946e+00  -1.7362551e-01   6.1396886e+00
   2.2253783e+00   8.7833512e+00  -3.7677899e-03
   2.4462219e+00  -1.8608045e-01   5.6454182e+00
   5.6495472e-02   3.5951379e+00   7.8250898e-02
   8.6900334e+00   1.2948154e-01  -3.1012787e+00
   2.5496592e+00   3.8829159e+00   5.4499541e-02
   6.2642183e+00  -1.2530192e+00   2.8291465e+00
   7.3240994e-03   6.3183316e+00   9.2739387e-02
   3.5035443e+00   2.0158207e+00  -2.6499353e-03
  -3.5449994e-02   8.8894894e+00  -6.7812449e-02
   7.1500052e+00  -1.8859788e+00   7.3551390e+00
   6.9930170e+00  -1.0320221e+00   1.5337085e+00
   2.2136272e+00   8.9571882e+00   2.1489291e-02
   2.9997162e+00   8.7207092e+00   8.5390226e-02
   1.0549629e+00   7.6588749e+00   8.0456339e-02
   2.6322682e-01  -3.0047743e-01   2.0847694e+00
   9.3440679e-01   7.9500025e+00   7.8052975e-02
   1.8568786e+00  -1.5990938e-01   5.7706588e+00
   7.7755041e+00   3.1972623e+00  -2.2458417e+00
   1.0121844e+01  -3.9019293e-01  -5.5960234e+00
   6.2301743e+00  -1.1915268e+00   2.7916825e+00
   1.2314077e+00   7.7737991e+00   9.2632484e-02
   8.6763619e+00   4.7909174e-01  -3.0449477e+00
   8.5596511e-01   4.2843796e+00  -5.5847147e-03
   2.1849819e+00   2.1926053e+00  -6.6128916e-02
   1.9970945e+00   1.9575010e+00   2.7061603e-02
   2.2638667e+00  -1.4749998e-01   6.7825399e+00
  -5.0325589e-02   8.0166730e+00   7.4881231e-02
   3.1118126e+00  -1.8851068e-01   4.3793990e+00
   5.6454972e+00  -6.9879986e-01   7.1913164e+00
   1.2017180e+00   3.9601079e+00   6.4185000e-02
   1.2612733e+01  -9.9593934e+00  -4.5368800e+00
   5.3133552e+00   1.7257146e+00  -2.3775510e-01
   4.9806518e-01   7.8272696e+00   7.7142320e-02
   8.6049934e+00  -3.0489263e+00   1.4932394e+00
   4.2421866e+00  -1.7881091e-01   7.0535421e+00
   3.5806429e+00   8.6770664e+00   1.6495589e-01
   1.3650004e+00   6.8877388e-01  -1.3464998e-01
   1.8910891e+00   7.8975017e+00   1.0421828e-01
   7.0469387e+00  -5.2118168e-01   6.4773405e+00
   8.7195194e+00  -3.1978595e+00   2.2078940e+00
   2.1956801e+00   9.0757290e+00   2.6669127e-02
   1.2218701e+01  -9.9589352e+00  -2.3103798e+00
   3.9855521e-01  -1.2721260e-01   6.5027972e+00
   1.4779669e+00  -1.4375672e-01   4.9578815e+00
   2.7008970e+00  -2.2328065e-01   6.9317259e+00
   1.0141041e+00  -1.2811847e-01   7.2094842e+00
   2.9860397e+00  -2.0695034e-01   6.1321972e+00
   1.9824520e+00   5.3280168e+00   2.5940192e-02
   3.0662159e+00   8.0854588e+00   4.8210483e-02
   1.0884047e+01  -4.8132663e-01  -6.3458699e+00
   2.2499703e+00  -1.7826984e-01   3.3356070e+00
   9.0137207e+00  -3.4753483e-01  -3.4964324e+00
   4.0082210e+00  -1.6309820e-01   6.4143125e+00
   3.9451418e-01   4.2577640e-01  -2.4434939e-02
   3.0289511e+00   5.2384606e+00   5.3767403e-02
   4.8657137e+00   9.8618652e+00   1.7561111e+00
   1.3002783e+01  -9.6029836e+00  -5.8700596e+00
   9.6473661e+00  -3.3763218e-01  -4.4206607e+00
   4.4811968e+00   8.8369400e-02   8.0323785e+00
   4.5344369e+00  -1.4399520e-01   5.6382005e+00
   4.5904289e+00  -3.9555614e-01   3.5700263e+00
   3.5638607e+00   8.7625601e+00   5.3024232e-02
   3.7806023e+00   8.8379233e+00   1.9548205e-01
   1.7749337e+00  -3.8738511e-01   7.9064105e+00
   1.6138680e+00  -3.8150153e-01   7.9087673e+00
   1.1295189e+00  -3.9906910e-01   7.8994299e+00
   1.2205626e+00  -5.8076589e-01   3.0423297e-01
   1.4968907e+00   6.8860036e+00   7.3305352e-01
   5.5172018e+00   5.5243429e+00  -3.1936545e-01
   1.7692391e+00  -5.7432815e-01   1.2813043e+00
   5.0982814e+00  -2.7872208e-01   5.4613612e+00
   5.1235534e+00  -3.2446239e-01   3.6393680e+00
   5.4372345e+00  -5.0614099e-01   6.6729611e+00
   2.6892398e+00  -1.7936080e-01   5.5796261e+00
   3.2756761e+00   7.2984238e+00   2.0620957e-03
   4.9423756e+00  -1.1457106e-01   6.5582883e+00
   5.8531439e+00   4.8506375e+00  -6.8098507e-01
   6.4273795e+00   5.0716858e+00  -6.5701988e-01
   5.5076882e+00   5.2513052e+00  -3.2138745e-01
   3.0915720e+00   2.8801890e-01   5.7861824e+00
   4.9688709e+00  -1.0664907e-01   7.3940858e+00
   5.4288295e+00  -6.7976925e-01   1.2496200e+00
   5.4058263e+00  -6.8936845e-01   1.5408645e+00
   6.0093280e+00   2.4249777e+00  -7.8327579e-01
   7.2096254e+00  -1.9440035e+00   3.9024170e+00
   6.6361762e+00   4.5139958e+00  -4.4242240e-01
   6.0240399e+00   3.6481199e+00  -8.0521543e-01
   7.2821819e+00  -5.5718287e-01   6.3109619e+00
   5.7760054e+00  -9.5845714e-01   3.9069538e-01
   6.9010173e+00   3.9241656e-01   3.7894504e+00
   3.2354373e-01   7.3889101e+00   6.0384359e-02
   5.1800804e+00   5.3114403e+00   1.3775380e-01
   5.6779259e+00  -3.9739418e-01  -5.0800284e-01
   2.5434743e-01  -2.8352664e-01   2.5161692e+00
   3.0752726e-01   6.5069288e+00   8.0953951e-02
   2.9171423e-01  -2.3128178e-01   4.0200353e+00
   2.1335344e+00   8.5143884e+00   1.2473359e-01
   5.9150799e+00  -8.9317185e-01   7.5551751e+00
   6.4635147e+00   1.4190987e+00  -7.3516007e-01
   5.9985601e+00   7.9742733e+00   1.2882404e-02
   4.2861595e+00   8.3184848e+00  -2.0680203e-02
   2.0961397e+00   8.5709821e+00   1.1996356e-01
   1.4926172e-01   7.1994298e+00   6.9143231e-02
   2.1429655e+00   2.8313729e+00   9.6488504e-03
   2.1370214e+00  -3.2278099e-01   6.5382384e-01
   5.9011549e+00   2.7457855e+00  -6.7957054e-01
   7.5452037e+00   5.2545685e+00  -2.0384295e+00
   7.7910083e+00  -2.3726920e+00   4.1781361e+00
   5.1153628e+00  -2.0820122e-01   7.7421757e+00
   6.9416848e-01   5.4134229e+00   1.0188709e-02
   6.0172263e+00  -1.0040503e+00   4.9040311e+00
   2.6956222e+00  -1.7570212e-01   6.2237199e+00
   2.2954782e-01  -2.9832373e-01   1.2282749e+00
  -2.3995230e-02   6.5730532e+00   6.6749737e-02
   5.8656407e+00   3.2200371e+00  -7.1463118e-01
   4.5250281e+00   3.8110919e+00   8.1687444e-02
   4.6300120e+00   8.4775808e+00   1.5472216e-01
   5.1520866e+00   7.4401683e+00   1.7538781e-01
   6.4807327e+00   1.1853188e+00  -7.5848980e-01
   1.6593108e+00  -1.5112193e-01   4.6423548e+00
   2.4090830e+00  -1.6777357e-01   7.8900728e+00
  -3.8155152e-04   3.1112450e+00   1.8786006e-02
   4.8809174e+00  -9.3328829e-02   3.1395941e+00
   3.2746466e+00  -3.1654300e-01   6.5462617e-01
   3.4696011e+00  -1.5457409e-01   7.5163754e+00
   1.3809944e+00   2.8403835e+00   9.9590448e-03
   1.8670915e-02  -2.2055947e-01   1.6420041e+00
   9.9636790e-02   7.6931417e+00   9.1776207e-02
   1.3589554e+00   5.5376237e+00   5.4622646e-02
   1.7740172e+00   3.3823883e+00   1.7012697e-02
   4.0124498e-01  -2.3304422e-01   4.2607356e+00
   1.7473447e+00  -1.6555834e-01   6.6063964e+00
   4.9531743e+00  -2.1441305e-01   5.8859345e-01
   3.3556882e+00  -1.3909435e-01   8.0368777e+00
   1.6204858e+00   4.1909055e+00   4.7691998e-02
   5.4753192e+00   2.6023122e+00  -3.2056322e-01
   6.5777576e+00  -1.3869004e+00   7.5144010e+00
   2.4016165e+00  -1.5774404e-01   6.4151377e+00
   4.2985585e+00   6.8518044e+00   8.8159731e-02
   2.2759586e+00  -1.7877817e-01   5.5409050e+00
   2.2679727e+00   1.5299935e+00  -3.9183156e-02
   2.3086182e+00   1.4247401e+00  -5.1161348e-02
   5.7627066e+00  -8.0537065e-01   5.1756660e+00
   1.5626838e+00  -1.5842192e-01   6.2499727e+00
   2.2716449e-01  -3.0809525e-01   1.8031786e+00
   1.7843303e+00   3.2458659e+00   1.9374845e-02
   1.3002512e+00   2.1670657e+00  -4.5479000e-03
   5.5503646e-01   7.5435035e+00   6.6137409e-02
   3.0122248e+00  -1.8175061e-01   6.3232163e+00
   7.3013365e-01  -2.2951445e-01   4.1148752e+00
   1.7902894e+00  -2.4122823e-01   2.7621155e+00
   3.2095576e+00  -1.6204119e-01   7.1850325e+00
   2.4573124e+00  -2.2988659e-01   3.3613264e+00
   1.5724456e+00  -1.5959592e-01   6.4848868e+00
   2.0302287e+00  -1.8456270e-01   5.5587881e+00
   2.3390229e+00  -2.0547266e-01   5.1005087e+00
   4.0008955e+00  -2.2965247e-01   5.0821753e+00
   1.7390124e+00  -1.9129816e-01   6.0252872e+00
   2.5908350e+00  -2.1745075e-01   4.3561820e+00
   3.7743448e-01  -1.6457375e-01   6.7471133e+00
   2.7883500e+00   2.3557048e+00  -1.9609139e-02
   8.4162068e-01   2.8508183e+00   7.3222247e-03
   6.2823829e-01  -2.9460720e-01   1.6494876e+00
   2.3648461e+00  -2.2514149e-01   2.4837237e+00
   1.0796735e+00  -1.7159897e-01   7.2059351e+00
   4.5456768e-01  -1.9132223e-01   7.0035529e+00
   2.1285782e+00  -1.5310739e-01   6.6491824e+00
   4.2964662e+00   3.8590013e+00   5.7289587e-02
   4.0888637e+00  -1.7525004e-01   7.3747403e+00
   1.2507119e+00   5.6522335e+00   4.6783907e-02
   2.6941582e+00  -1.5255271e-01   7.8242991e+00
   3.3667160e+00  -1.8561812e-01   7.6690547e+00
   2.6036731e+00  -1.2760756e-01   7.3541509e+00
   1.3451098e+00  -1.6820108e-01   7.2143919e+00
   3.8250945e+00   6.9953699e+00  -1.0754806e-01
   8.6954056e+00  -1.3437592e+00  -8.0841602e-01
   1.4604014e+00  -1.9290881e-01  -3.1172688e-02
   1.7753029e+00  -4.0865937e-01   7.9731442e+00
   1.3235773e+00  -3.9671288e-01   7.9044387e+00
   5.7533603e+00  -7.9039650e-01   6.4892572e+00
   1.7771387e+00  -4.1361871e-01   8.0190339e+00
   6.5164022e-01   6.5942950e+00  -1.4982853e-01
   5.8282303e+00  -1.0444131e+00   1.2612956e+00
   8.6138860e-01   6.5704213e+00  -1.9195693e-01
   1.0682910e+00   6.5683878e+00  -2.0430685e-01
   7.7489259e+00  -9.8594202e-01  -8.0587794e-01
   4.6239443e+00  -2.3670766e-02   4.9106771e+00
   4.7198692e+00  -2.1022863e-03   4.8617014e+00
   6.5496245e+00  -1.4984977e+00   1.8161298e+00
   4.8655920e+00   3.8002486e+00   2.2240609e-01
   5.7057275e+00  -8.2702125e-01   3.3529301e+00
   4.9618196e+00   3.8039626e+00   2.4898351e-01
   6.1759096e-01   6.4477844e+00  -8.5142465e-02
   6.1976226e-01   6.8483728e+00  -1.1136214e-01
   8.4764049e-01   8.4932968e+00  -6.4479810e-02
   5.8479869e+00   1.0510706e+00  -7.0710426e-01
   5.7993767e+00   4.6904173e+00  -6.2649073e-01
   3.2701504e+00   8.3207801e+00  -3.9131977e-02
   5.4380697e+00  -5.5031303e-01   6.3637710e+00
   6.3125121e+00   8.2125262e+00   1.2410802e-01
   5.1816240e+00   7.8065691e+00   9.7058224e-02
   5.1251333e+00   5.8150164e+00   2.0937437e-01
   5.2079516e+00  -3.7377078e-01   5.0886815e+00
   7.2636912e+00  -5.2872301e-01   6.2313037e+00
   5.4226356e+00  -5.1495728e-01   6.5810020e+00
   3.2861644e+00   6.9967626e+00  -7.6018766e-02
   6.5375314e+00   7.9709081e+00   2.7676293e-02
   1.9355309e+00   7.1290133e+00   1.2838466e-01
   5.9286556e-01  -2.1430263e-01   6.0033707e+00
   5.8847068e+00   1.4543763e+00  -7.7659724e-01
   5.7299276e+00  -9.3384550e-01   8.4245156e-01
   5.6694434e+00   8.4048787e+00   3.2406715e-02
   5.4095920e+00   4.6342675e+00  -2.1676998e-01
   3.5993610e+00   3.1046802e+00  -1.0843678e-01
   4.9108182e+00  -4.0757770e-02   5.8353442e+00
   4.9332125e+00  -1.0444318e-01   5.9444671e+00
   4.4343942e+00  -2.5941369e-01   2.1789002e+00
   7.1085580e+00  -1.0214594e+00  -8.5502052e-01
   5.6465589e+00   8.6399005e+00   9.1748285e-02
   2.0187878e+00  -4.7951544e-01   2.9885421e+00
   1.1556418e+00   1.9733920e+00   4.3761774e-02
   6.4922558e+00  -1.3043828e+00   6.8117250e+00
   5.2061577e+00  -3.4846693e-01   6.8173109e+00
   1.8223761e+00  -1.0674332e-01   5.6181086e+00
   2.1478988e+00  -1.7684621e-01   7.3612890e+00
   5.4985995e+00  -5.7919361e-01   5.8367740e+00
   6.5375549e+00   8.3838157e+00   4.8970113e-02
   9.4898319e+00  -5.5800942e-01  -3.0419714e+00
   6.6840571e+00   2.0770147e+00  -5.4588345e-01
   2.1961440e+00  -2.1814665e-01   3.8244442e+00
   6.5201739e+00   8.2422210e+00   9.2938582e-02
   6.0554027e+00  -3.6624949e-01  -8.2689860e-01
   4.2787826e+00  -5.3946217e-01   7.1785679e-01
   4.9696925e+00  -1.8083003e-01   3.7299654e+00
   4.4429790e+00  -3.6955151e-01   5.8755713e-01
   6.5073644e+00  -1.1257873e+00   9.3074817e-01
   1.8560533e+00   8.3172851e+00   1.5779711e-01
   3.2205276e+00   5.7211344e+00   1.0826084e-02
   5.4419369e+00  -6.4177687e-01   3.1263789e+00
   4.0907780e+00   2.9359316e+00  -1.2901109e-01
   2.1966388e+00  -2.4331207e-01   2.1128815e+00
   1.8224748e+00   3.8391342e+00   4.3023383e-02
   3.2852147e+00   5.3946431e+00  -8.6472605e-02
   6.1231813e+00  -8.1299799e-01   6.4852734e+00
   3.6127117e+00   2.8761434e+00  -1.5341466e-01
   5.1319250e+00  -2.6103271e-01   7.5721473e+00
   8.4023528e-01   6.8668289e+00  -9.7730484e-02
   4.8014950e-01   1.8741832e+00  -2.1795623e-02
   4.0658254e+00  -1.5561136e-01   4.9226748e+00
   8.7032031e+00  -3.1438779e-01  -3.0898646e+00
   6.5366036e+00  -5.8277814e-01   5.6888102e+00
   1.4692125e+00   7.1639128e+00   1.1635747e-01
   5.3989834e+00   5.2879396e+00  -1.8610943e-01
   4.2830614e+00  -5.5205106e-01   1.0680369e+00
   1.5987650e+00   8.3011516e+00   1.3970607e-01
   8.9155267e+00  -1.4547868e+00  -7.8205594e-01
   1.1235456e+00  -1.6442781e-01   4.9564300e+00
   8.9048254e+00  -3.0011165e-01  -1.8746415e+00
   2.1881268e+00   6.4191158e+00   6.7580870e-02
   2.3456845e+00  -2.1043440e-01   2.2315400e+00
   5.3858762e+00   7.1394658e+00  -1.3980047e-01
   4.5700337e+00   3.3321835e+00  -1.5103320e-01
   2.7435979e-01   6.0282405e+00   4.6134169e-02
   1.6774440e+00   3.8754124e+00   2.9190885e-02
  -6.9088187e-02   1.9577742e+00   2.6603974e+00
   3.5860353e+00   3.4887351e+00  -6.5951824e-02
   1.5821719e+00  -2.4249496e-01   5.6143692e+00
   6.5899598e+00   5.7251157e+00  -1.1834080e+00
   8.9024898e+00  -7.8382594e-01  -7.8610530e-01
   5.9651702e+00   8.2350825e+00   8.6732372e-02
   5.5646906e-01   3.8426532e+00   6.7218656e-02
   4.3332525e+00  -2.3525733e-01   2.4297348e+00
   8.8993653e+00  -3.1090483e-01  -1.2331202e+00
  -8.0198744e-02   2.2064601e+00   2.3672839e+00
   2.1932093e+00  -2.3751280e-01   2.8869088e+00
   3.1583312e+00   3.8374587e+00   6.6342094e-02
   3.9785583e+00   5.4050456e+00  -7.7594201e-02
   4.3932483e+00   5.4146887e+00  -4.9294817e-02
   5.2200959e+00  -3.5185858e-01   7.8856868e+00
   4.9379877e+00   3.4572715e+00   2.0233214e-01
   8.0103329e-01  -1.6636239e-01   4.9049731e+00
   4.9555404e+00  -2.2064114e-01   1.9670072e+00
   4.3833576e+00   8.3315099e+00  -2.6954235e-02
   6.0316189e+00  -9.8685375e-01   7.0835180e+00
   1.4652049e+00   7.2158895e+00   9.4503819e-02
   1.5670519e+00   8.5042383e+00  -6.8613370e-02
   4.9217240e+00  -1.2233020e-01   4.3446989e+00
   7.9927646e-01  -2.6199149e-01   2.8711897e+00
   6.2194529e+00  -1.0387861e+00   9.6835937e-01
   6.1990241e+00  -1.0202086e+00   1.2681099e+00
   2.4550528e+00  -1.3886641e-01   4.8966323e+00
   2.3042397e+00  -9.7873563e-02   7.2155506e+00
   5.0352631e+00  -2.2460644e-01   4.2437779e+00
   1.5211087e-01   7.3303247e+00   7.5928366e-02
   5.2231805e+00  -5.2572104e-01   3.9544006e-01
   2.9145230e-01   4.4358586e+00   3.3597983e-02
   5.5044593e+00   4.2870231e+00  -3.1182348e-01
   5.6346533e+00  -7.1660056e-01   5.0566818e+00
   4.2544508e+00   8.6208040e+00   2.0027543e-02
   1.4701421e+00   5.8513487e+00   8.9976926e-02
   4.9641029e+00  -2.0646371e-01   2.8700003e+00
   1.8137822e+00  -1.6045430e-01   7.1248281e+00
   4.5907027e+00  -1.8986246e-01   4.3079267e+00
   4.3206031e+00   8.7779537e+00   1.5919598e-01
  -3.9976758e-02   8.5660189e+00   1.2499123e-01
   1.9381803e+00  -1.5747809e-01   6.5778582e+00
   1.8606785e+00  -2.5206729e-01   2.6341592e+00
   1.1021622e+00  -1.4840182e-01   6.2585591e+00
   6.2317811e+00  -1.2196089e+00   4.4001827e+00
   2.8707015e+00   2.5737730e+00   2.0937382e-02
   4.9289793e+00   7.0708796e+00   2.7217974e-01
   5.9876052e+00   8.3891373e+00   3.9798356e-02
   5.6400912e+00  -6.8472887e-01   5.7652972e+00
   1.6004942e-01   7.8026135e+00   9.0540715e-02
   5.1087655e+00   6.7418975e+00   2.4007795e-01
   5.0531190e-01   8.4104458e+00   8.8090799e-02
   2.3762899e+00  -2.6785806e-01   8.2353781e-01
   4.2456537e+00   7.2516937e+00  -4.4184138e-02
   5.0417735e+00  -2.6848115e-01   2.9394309e+00
   1.9877932e-01   2.6696017e+00  -2.0265798e-02
   5.4579335e+00  -5.3108342e-01   8.1045889e+00
   5.4953695e+00   6.5642690e+00  -2.4917913e-01
   1.5745767e-01   6.1914741e-01  -1.2703505e-01
   4.4276271e+00   7.2514873e+00  -1.9978222e-02
   5.2840411e+00  -4.0729618e-01   8.0077905e+00
   2.0084286e-01   4.0845663e+00   3.2985927e-02
   1.7419213e+00   8.4372081e+00   1.0776849e-01
   6.3105110e+00  -1.1942179e+00   7.6865730e+00
   1.8362183e+00  -1.9704396e-01   6.2294841e+00
   2.3535297e+00  -3.2041104e-01   8.7831958e-02
   5.7895060e+00   6.1140149e+00  -5.5590206e-01
   2.1528212e-01   4.7296560e+00   2.0076072e-02
   6.5277699e+00   2.3724660e+00  -1.2239580e+00
   6.2069218e+00  -1.1151876e+00   7.1445085e+00
   1.2757640e+00  -9.6815048e-02   4.8569074e+00
   3.9457819e+00   8.3248747e+00  -3.3378263e-02
   4.3088022e+00   5.2376092e+00   6.8381498e-02
   9.0056661e-01  -1.7205831e-01   6.0453433e+00
   5.5550513e+00   7.2275161e+00  -3.3824128e-01
   2.9393643e+00  -1.5732213e-01   6.6018620e+00
   6.7276194e-01   5.5149715e+00   5.6179956e-02
   4.9839836e+00  -1.3009577e-01   7.5443776e+00
   6.1228033e+00  -1.0464571e+00   5.3202576e+00
   6.2218148e+00  -9.6297017e-01  -8.6556112e-01
   2.1917817e+00  -3.5401455e-01   1.1280028e+00
   1.0119567e-01   5.0746571e+00  -1.7548748e-02
   1.1905721e-02   3.0124566e+00   2.7719943e-02
   4.5034804e+00   7.1442583e+00  -2.1809123e-02
   5.6871150e+00  -8.8181365e-01  -3.6646822e-02
   5.2285617e+00   2.4221639e+00   4.1096984e-02
   2.4612054e-01  -1.8417218e-01   4.1402313e+00
   9.4310453e-01   5.2279673e+00   2.9188757e-02
   2.5906046e+00  -1.5830606e-01   7.8082876e+00
   7.9074464e+00   5.5375920e+00  -2.3591919e+00
   1.3411536e-01   5.5438963e+00   7.5781296e-02
   2.1502201e-01   5.8999256e+00   3.9501293e-02
   8.7038668e-01   4.5565761e+00   3.8153835e-02
   1.7943069e+00   6.0494775e+00  -4.7491147e-03
   1.8447529e+00   7.7934148e-01  -1.3177641e-02
   2.3299222e+00  -2.1307929e-01   2.7027034e+00
   3.9599634e+00   5.6882650e+00  -1.3370925e-02
   6.2893703e+00  -1.2981277e+00   1.6394614e+00
   3.1852596e-01   2.8521833e+00   4.0763511e-02
  -2.6577846e-02   8.1399573e+00   1.0346515e-01
   5.7856598e-01   5.9011531e+00   5.7030854e-02
   1.1959086e+00   7.5439434e+00   8.2959635e-02
   5.4076789e-01   7.3769181e+00   9.2478432e-02
   5.1848764e+00   2.2886208e+00   1.1154239e-01
   4.6352569e+00   7.1522646e+00   1.2546064e-01
   1.9791748e+00   5.1252103e+00   8.7243535e-02
   7.3346855e+00  -2.0306445e+00   4.1783946e+00
   6.1893241e-01   3.9356430e+00   1.0356276e-02
   5.3889743e+00  -6.0917866e-01   2.7081424e+00
   2.4274452e+00  -3.1917031e-01   1.6359602e+00
   1.8230524e+00   4.0725288e+00   1.0155618e-02
   2.3789701e-01  -2.0309851e-01   3.7936949e+00
   7.9697822e-01  -3.2608145e-01   1.1277961e+00
   4.2722923e-01   2.5780934e+00   8.8043323e-03
   4.9426521e+00  -2.1334628e-01   1.4736778e+00
   5.9119024e+00  -8.7368424e-01   6.7383633e+00
   2.1775260e+00   6.3126633e+00   6.6327902e-02
  -1.7922423e-02   7.6304273e+00   8.7282398e-02
   2.1489624e+00   3.8540412e+00   5.1386359e-02
   1.7147026e+00  -1.6421625e-01   5.2522087e+00
  -2.1390487e-02   6.4247487e+00   7.7056400e-02
   1.4298795e+00   4.2946188e-01  -3.0906178e-02
   8.4071593e-02   6.7491456e+00   6.7821553e-02
   4.9277707e+00   4.8467768e+00   2.3103163e-01
   4.6002654e+00  -1.0377205e-01   7.3845446e+00
   3.6452970e+00   5.3941457e+00  -9.0087333e-02
   7.1552164e-01   3.4719015e+00   3.8883734e-02
   2.4088879e+00  -1.4786271e-01   7.6503727e+00
   1.7589427e+00  -1.3811342e-01   6.5582688e+00
   2.1664617e-01   6.7264684e+00   6.2297265e-02
   1.4304016e-01   4.8554638e+00   3.4983895e-02
   1.9704758e+00   9.9719454e-01  -1.5403481e-02
   7.2593922e+00  -7.8666260e-01   3.8581928e+00
   6.4817330e+00  -1.3248994e+00   7.0153985e+00
   7.1146703e+00   1.7674313e+00  -5.4942051e-01
   7.8419012e-01   3.3362541e+00   3.8489898e-02
   4.3516460e+00  -3.4348691e-01   3.5725610e-01
   7.1732153e-01   2.8823834e+00  -1.3999923e-02
   1.9546603e+00   8.6279798e+00   1.1690950e-01
   5.1786646e+00   8.5856147e+00   1.3614240e-01
   2.7000879e+00  -1.3582528e-01   6.6278216e+00
   2.7223455e+00   7.7341213e-01  -3.0710831e-02
   6.6420720e+00   5.8905233e+00  -1.2734067e+00
   9.0961037e-01  -1.7299756e-01   6.4730796e+00
   3.0915969e+00  -1.5885916e-01   5.7911869e+00
   1.3666866e-01   4.7194300e+00   5.8224124e-02
   6.8870751e+00  -5.7143384e-01   6.5515982e+00
   1.6566097e-01   5.7132438e+00   3.3076923e-02
   4.9820980e+00   1.1896475e+00   1.9492005e-01
   2.3299743e-01   5.0292498e+00   3.6738742e-02
   8.0782086e-01   2.6429066e+00   5.6611532e-03
   4.7870126e+00   1.9541348e+00   2.5208742e-02
   1.5423606e+00   2.0119011e+00  -2.7607835e-02
  -1.0931980e-02   7.8981406e+00   1.0763389e-01
   2.0256400e+00   2.5823789e+00   3.5201546e-03
   4.7509631e+00   2.0339484e+00  -2.8040344e-02
   4.2534012e-01   7.6676786e+00   5.4669526e-02
   4.1080585e+00  -1.5851409e-01   7.4767454e+00
   1.1267434e+00  -1.5642112e-01   6.5013148e+00
   4.9098021e+00  -4.5957312e-02   7.1412048e+00
   3.0128601e-01   2.0073381e+00  -3.4003395e-02
   1.2418525e+00  -1.4217953e-01   6.5531295e+00
   1.9234137e+00   4.0299656e+00  -3.0537227e-02
   1.5953358e+00   7.5618454e+00   9.2281737e-02
   2.7337554e+00   5.3329264e-01  -5.4333669e-02
   3.0821360e+00  -1.8010107e-01   6.4912629e+00
   4.4470788e+00  -2.4988591e-01   2.9897571e+00
   1.2292637e+00   7.6706573e+00   9.7796104e-02
   2.5067772e+00  -1.5259403e-01   8.1088868e+00
   1.9879242e+00   1.3562604e+00  -1.5730142e-02
   2.5058543e+00  -1.4091154e-01   7.9635371e+00
   8.6918534e+00  -3.4054701e-01  -1.3679553e+00
   2.7451101e+00  -1.8163777e-01   7.0590615e+00
   1.9711237e+00   4.8534113e+00   5.3198058e-02
   2.7675987e+00   1.2245148e+00  -1.1615596e-02
   1.6638613e+00   5.6741214e+00   5.9893961e-02
   2.7112676e+00   9.8761399e-01  -4.4558502e-02
   4.3921207e+00  -1.8471365e-01   7.2462609e+00
   1.2914019e+00   4.5989569e+00  -6.9762861e-03
   5.1678753e+00   4.4795030e+00   1.6723640e-01
   4.4193707e+00   3.8621555e+00   4.4869861e-02
   4.8747435e-02   4.2800041e+00   4.2193860e-02
   2.7476544e+00   3.4619252e+00   1.7857767e-02
   1.4911150e+00  -1.4800037e-01   5.0594363e+00
   3.5528150e+00  -1.6695094e-01   6.3929168e+00
   3.8188803e+00   8.3214366e+00  -7.5293894e-02
   3.6736194e+00  -1.6973534e-01   6.3397393e+00
   2.0381015e+00   6.0454009e+00   7.6704125e-02
   2.7471349e+00   1.4925585e+00   6.7883677e-03
   7.3672803e-01   6.2065970e-01  -1.7002507e-01
   9.7395698e-01   6.4403613e-01  -2.3360821e-01
