   3.7987359e-01   4.3329707e+00  -1.1007211e+00   1.4465859e+00   4.3329707e+00  -1.1007211e+00
   3.9280047e-01   4.3142323e+00  -3.1585982e+00   1.4631623e+00   4.3142323e+00  -3.1585982e+00
   3.4808889e+00   9.0877155e-01   3.1793866e-01   4.3926394e+00   9.0877155e-01   3.1793866e-01
   2.1721912e+00   4.3349486e+00  -1.7906553e-01   6.9948474e-01   4.3349486e+00  -1.7906553e-01
   4.4699253e+00   2.6026220e+00  -2.6856990e-02   3.4769378e+00   2.6026220e+00  -2.6856990e-02
   4.6000398e+00   2.3150873e+00   2.2039226e-01   5.3679147e+00   2.3150873e+00   2.2039226e-01
   5.4898098e+00   2.5780271e+00  -3.9742258e-02   4.5942124e+00   2.5780271e+00  -3.9742258e-02
   2.1737073e+01  -2.4897941e+01  -1.5633306e+01   2.4845167e+01  -2.4897941e+01  -1.5633306e+01
   3.4538917e+00   2.3262774e+00   2.2827982e-01   4.4762628e+00   2.3262774e+00   2.2827982e-01
   1.3424059e+00   4.3215769e+00  -1.9339726e+00   3.2574178e-01   4.3215769e+00  -1.9339726e+00
   4.6236078e+00   9.1031832e-01   3.2736069e-01   5.3875031e+00   9.1031832e-01   3.2736069e-01
   3.4985781e+00   1.8175507e+00   3.0196447e-01   4.3954412e+00   1.8175507e+00   3.0196447e-01
   2.1920175e+01  -2.2047701e+01  -1.9308634e+01   2.3415702e+01  -2.2047701e+01  -1.9308634e+01
   1.3481052e+00   4.3158675e+00  -3.9690182e+00   2.9814616e-01   4.3158675e+00  -3.9690182e+00
   4.4096713e+00   1.3088679e+00   3.9366009e-01   3.4529354e+00   1.3088679e+00   3.9366009e-01
   5.4532848e+00   2.2308665e+00   4.0124825e-01   4.5522115e+00   2.2308665e+00   4.0124825e-01
   4.3031005e+00  -6.1222834e-01   2.9060844e+00   4.3031005e+00  -6.1222834e-01   8.1771124e-01
   1.4434118e+00   4.1964674e+00  -3.5273802e+00   3.6553557e-01   4.1964674e+00  -3.5273802e+00
   4.4497063e+00   2.2408558e+00   4.0262414e-01   3.4275481e+00   2.2408558e+00   4.0262414e-01
   4.6299378e+00   1.8200566e+00   3.0166165e-01   5.3474243e+00   1.7983076e+00   3.0166165e-01
   1.2657504e+00   1.1143627e+00  -1.5650073e-01   3.3190775e-01   1.1143627e+00  -1.5650073e-01
   7.8425777e+00  -8.4827766e+00   2.3267888e+00   7.8425777e+00  -1.5005765e+00   2.3267888e+00
   1.2613354e+00   1.4418100e+00  -1.6287353e-01   3.4699294e-01   1.4418100e+00  -1.6287353e-01
   4.0516282e-01   4.3091968e+00  -3.5982418e+00   1.4444934e+00   4.3091968e+00  -3.5982418e+00
   3.0043733e+00  -8.6931846e-01   2.5859028e+00   3.8791550e+00  -8.6931846e-01   2.5859028e+00
   4.1983821e+00   4.1711842e+00  -2.7637074e+00   3.2001373e+00   4.1711842e+00  -2.7637074e+00
   4.6357402e+00   1.3609371e+00   3.1381926e-01   5.3611537e+00   1.3609371e+00   3.1381926e-01
   2.4614102e+00   7.9958174e-01   4.4208368e-01   2.4614102e+00   3.5633401e+00   4.4208368e-01
   6.1273152e-01  -8.8031973e-01   1.5609249e+00   1.4259046e+00  -8.8031973e-01   1.5609249e+00
   1.2306972e+01  -2.4642626e+01   6.7364524e+00   1.2306972e+01  -2.4642626e+01   4.7274442e-02
   3.1510107e+00   4.3370160e+00  -3.7234709e+00   4.2426067e+00   4.3370160e+00  -3.7234709e+00
   5.4162255e+00   1.7539772e+00   3.8620155e-01   4.5596341e+00   1.7539772e+00   3.8620155e-01
   4.2144127e+00  -5.4299835e-01   3.2459433e+00   4.2144127e+00  -5.4299835e-01   8.2424421e-01
   5.3891088e+00   1.3047522e+00   3.9771085e-01   4.5530389e+00   1.3047522e+00   3.9771085e-01
   3.7509851e-01   4.3304595e+00  -1.5470701e+00   1.4530948e+00   4.3304595e+00  -1.5470701e+00
   3.5016294e-01   1.7526403e+00  -2.5491709e-01   1.2862247e+00   1.7526403e+00  -2.5491709e-01
   3.0002865e+00  -8.5214618e-01   1.5379699e+00   3.8817781e+00  -8.5214618e-01   1.5379699e+00
   3.0049509e+00  -8.5340170e-01   1.0240161e+00   3.8713185e+00  -8.5340170e-01   1.0240161e+00
   2.9950441e+00  -8.5939695e-01   2.0902266e+00   3.8716879e+00  -8.5939695e-01   2.0902266e+00
   4.5518431e+00   4.3219532e+00  -2.9252267e+00   4.5518431e+00   4.3219532e+00  -1.7232017e+00
   4.5435555e-02  -3.2358272e-01   2.8096258e+00   4.5435555e-02  -3.2358272e-01   4.2124142e+00
   2.4974930e+00   1.7122950e+00   5.9675375e-02   2.4974930e+00   2.9997617e+00   5.9675375e-02
   1.0524944e-01  -4.2240590e-01   4.1788031e+00   1.0524944e-01  -4.2240590e-01   2.9564423e+00
   3.6545031e-01   1.1579660e+00  -1.9449043e-01   1.2935196e+00   1.1579660e+00  -1.9449043e-01
   1.1066620e+00  -6.4334814e-01   4.8335551e+00   4.1557026e-01  -6.4334814e-01   4.8335551e+00
   4.1461056e+00  -5.0440450e-01   1.8371358e+00   4.1461056e+00  -5.0440450e-01   3.2499049e+00
   2.5113684e+01  -2.5141459e+01  -1.6301724e+01   2.2058211e+01  -2.5141459e+01  -1.6301724e+01
   3.5684946e-01   1.4390810e+00  -2.3497734e-01   1.2497508e+00   1.4390810e+00  -2.3497734e-01
   4.8256406e+00  -5.0587788e+00   4.8861571e+00   5.2939478e+00  -5.0587788e+00   4.8861571e+00
   4.2747334e+00  -5.3020168e-01   3.4717668e+00   4.2747334e+00  -5.3020168e-01   2.9594112e+00
   2.3174129e+01  -2.7983746e+01  -1.6235243e+01   2.1777950e+01  -2.7983746e+01  -1.6235243e+01
   1.6713003e+00   1.9075797e+00  -1.9645290e-01   1.6713003e+00   6.3627220e-01  -1.9645290e-01
   1.7462589e+00   6.9152690e-01  -1.4166493e-01   1.7462589e+00   2.1213599e+00  -1.4166493e-01
   4.4321088e+00   1.7516360e+00   3.7931929e-01   3.4582762e+00   1.7516360e+00   3.7931929e-01
   5.5201983e+00   7.6553092e-01   3.4508365e-01   5.5201983e+00   2.1275221e+00   3.4508365e-01
   1.4362000e+00   4.3297518e+00  -1.4781318e+00   3.4191058e-01   4.3297518e+00  -1.4781318e+00
   1.3327237e+00  -4.0518555e-01   6.9235214e-02   1.8951491e+00  -4.0518555e-01   6.9235214e-02
   4.5733262e+00   2.4471205e+00  -1.3903921e-01   4.5733262e+00   2.4471205e+00   2.9636468e-01
   1.2466519e+00   1.7895788e+00  -1.5935514e-01   3.4629500e-01   1.7895788e+00  -1.5935514e-01
   6.1123078e-01  -8.9610457e-01   2.0566999e+00   1.4199942e+00  -8.9610457e-01   2.0566999e+00
   1.4445555e+00   8.7074045e-01  -1.9095976e-01   1.4445555e+00   1.9103084e+00  -1.9095976e-01
   5.3014027e-01   4.3372424e+00  -6.0307798e+00   1.4275994e+00   4.3372424e+00  -6.0307798e+00
   2.7553356e+00  -1.8873744e+00   4.9484200e+00   3.9567724e+00  -1.8873744e+00   4.9484200e+00
   4.8558129e+00   4.6163446e+00  -6.7635521e+00   4.8558129e+00   4.6163446e+00  -3.9908197e+00
   1.4963607e+00   1.9556991e+00  -1.8578955e-01   1.4963607e+00   6.6217160e-01  -1.8578955e-01
   5.6744807e+00  -1.2730547e+00   4.2767295e+00   5.6744807e+00  -1.2730547e+00   3.8452709e+00
   9.4033438e+00  -1.0837405e+01   2.5180832e+00   8.2453767e+00  -1.0837405e+01   1.9696947e+00
   2.2580895e+00  -1.0164391e+00  -7.2562143e-01   2.2580895e+00   1.8832346e+00  -7.2562143e-01
  -3.3266560e-01  -3.2048753e-01   2.8825997e+00  -3.3266560e-01  -3.2048753e-01   4.2057576e+00
   1.4494847e+00   4.1777891e+00  -3.9808375e+00   3.8803414e-01   4.1777891e+00  -3.9808375e+00
  -2.7068049e-03   7.2367860e-02   4.4148836e+00  -2.7068049e-03   7.2367860e-02   3.0442734e+00
   5.1887301e+00  -1.3118186e+00   4.2460418e+00   5.5541104e+00  -1.3118186e+00   4.2460418e+00
   5.4804628e+00  -5.2404631e+00   4.1547993e+00   5.4804628e+00  -5.2404631e+00   4.8053609e+00
   3.1286392e+00   4.2827670e+00  -2.8864350e+00   3.1286392e+00   4.2827670e+00  -1.8778267e+00
   4.4834290e+00   4.3709100e+00  -1.8133010e+00   4.4834290e+00   4.3709100e+00  -2.4275420e+00
   1.6279758e+00  -6.5357277e-01   1.4335353e+00   5.6287600e-01  -6.5357277e-01   1.4335353e+00
   4.0695958e+00  -4.1182769e-01   3.2025824e+00   4.0695958e+00  -4.1182769e-01   1.8091431e+00
   3.7853129e+00  -7.7501518e+00   5.1428175e+00   2.5095813e+00  -7.7501518e+00   5.1428175e+00
   4.8670668e+00   4.2920738e+00  -4.2018516e-01   4.8670668e+00   4.2920738e+00  -4.8821787e+00
   3.3760796e+00   5.9674637e-01   2.4244264e-01   3.3760796e+00   1.9730086e+00   2.4244264e-01
   4.0208453e+00  -5.4011044e-01   9.7216738e-01   2.9811202e+00  -5.4011044e-01   9.7216738e-01
   3.9426981e+00  -5.9649079e+00   5.0843950e+00   1.1882749e+00  -5.9649079e+00   5.0843950e+00
   4.3830989e+00   4.3616070e+00  -4.4703429e+00   1.7031804e-01   4.3616070e+00  -4.4703429e+00
   4.1496703e+00  -5.1463329e-01   8.5913995e-01   4.1496703e+00  -5.1463329e-01   1.7641049e+00
   2.3330674e-01  -1.3017579e+00   2.5907698e+00   2.3330674e-01  -1.3017579e+00   4.1561549e+00
   8.0226701e+00   1.0520468e+00  -5.6283436e-02   8.4829083e+00   1.4463923e+00  -5.6283436e-02
   2.6124127e+00  -7.8613552e+00   5.2072261e+00   3.8164932e+00  -7.8613552e+00   5.2072261e+00
   4.5002113e+00   4.3178850e+00  -2.8469402e+00   3.1384617e+00   4.3537849e+00  -2.8469402e+00
   1.9051569e+00   5.2483858e-01  -1.1016580e-01   1.9051569e+00   2.2510931e+00  -1.1016580e-01
   5.4768732e+00   2.3804828e+00   3.5989328e-01   5.4768732e+00   2.7450625e+00   6.6879320e-02
   2.1024316e+00  -4.0559892e-01  -1.6972484e-02   2.8334790e-02  -4.0559892e-01  -1.6972484e-02
   3.6506240e+00   4.4739927e+00  -4.1739824e+00   4.4717040e+00   4.4739927e+00  -4.1739824e+00
   4.8005875e+00   4.6162988e+00  -1.5725838e-01   4.8005875e+00   4.6162988e+00  -6.7583305e+00
   1.9632132e+00   2.3579784e+00  -4.8306665e-02   1.9632132e+00   4.5114420e-01  -1.7343663e-01
   1.5481379e+00   8.1818908e-01  -1.0047996e-01   1.5481379e+00   2.0434335e+00  -1.0047996e-01
   9.1992993e+00  -1.3955894e+01   2.8063703e+00   9.1992993e+00  -9.9819351e+00   2.8063703e+00
   2.0771002e+00   2.6181519e+00   8.4977108e-02   2.0771002e+00   7.5057560e-01   3.6735235e-02
   4.5352392e+00   6.4112084e-01   2.3737974e-01   4.5352392e+00   2.0232449e+00   2.3737974e-01
   2.4872043e+01  -2.4978965e+01  -2.2806169e+01   2.3930420e+01  -2.4978965e+01  -2.2806169e+01
   1.7573459e+00  -1.1106934e+00   1.0435663e+00   1.7573459e+00  -1.1106934e+00   2.4512941e+00
   2.0328224e+00   7.1255173e-01   5.3564768e-03   2.0328224e+00   2.4526899e+00   5.3564768e-03
   1.1017143e+00  -6.0624823e+00   5.1849957e+00  -7.9115286e-02  -6.0624823e+00   5.1849957e+00
  -4.3751759e-01   2.9323476e+00   1.5020663e+00  -4.3751759e-01  -3.3865358e-01   4.2674394e+00
   3.1640334e+00   4.2997845e+00  -2.3372503e+00   4.3077359e+00   4.2997845e+00  -2.3372503e+00
   5.4328083e+00   7.3664776e-01   4.0700644e-01   2.4932732e+00   7.3664776e-01   4.0700644e-01
   4.8012453e+00  -4.4915520e-01   4.5493179e+00   5.3731862e+00  -4.4915520e-01   4.1413112e+00
   3.0575820e+00   4.2128006e+00  -1.8203851e+00   3.0575820e+00   4.2128006e+00  -3.0607851e+00
   4.2775261e+00   4.2910559e+00  -2.2656307e+00   3.1695611e+00   4.2910559e+00  -2.2656307e+00
   1.2290553e+00  -6.0788499e+00   5.1573903e+00   3.7786123e+00  -6.0788499e+00   5.1573903e+00
  -3.2753523e-01   4.3197555e+00  -2.2150992e+00  -3.2753523e-01   4.3197555e+00  -3.2184913e+00
  -1.7344088e-01   4.9904407e+00   7.0201857e+00  -2.4994256e-01   4.9904407e+00   5.2782363e+00
   4.7118696e-02   4.8193567e+00  -3.1905908e+00  -3.1189251e-01   4.8193567e+00  -3.1905908e+00
   1.8967746e+00  -7.0833665e-01   4.8066852e+00   1.2431133e+00  -7.0833665e-01   4.8066852e+00
   2.4109750e+00   2.8535955e+00   3.2289161e-02   2.4109750e+00   5.1372315e-01   3.1592347e-01
   5.6043716e+00   1.9846742e+00   3.2038274e-01   5.6043716e+00   5.3806357e-01   3.2038274e-01
   4.0690843e+00  -3.9496124e-01   1.8268279e+00   4.0690843e+00  -3.9496124e-01   1.0779424e+00
   4.4782042e+00   2.5641172e+00   4.6560888e-01   4.4782042e+00   2.5641172e+00  -5.5117011e-02
  -3.5369431e-01   4.5606284e+00  -3.4574620e+00  -3.5369431e-01   4.5606284e+00  -1.3340020e+00
   2.9617455e+00   4.4611213e+00  -2.7677225e+00   2.9617455e+00   4.4611213e+00  -1.5636647e+00
  -2.8662199e-01   4.9234807e+00   4.9241496e+00  -2.8662199e-01   6.0960796e+00   5.2741002e-01
   2.3492565e+00  -6.8498260e-01   4.8123283e+00   2.0262990e+00  -6.8498260e-01   4.8123283e+00
  -2.6362911e-01   4.2672027e+00  -2.2638569e+00  -2.6362911e-01   4.2672027e+00  -3.2120501e+00
  -2.2219733e-01   4.2613816e+00  -1.9116131e+00  -2.2219733e-01   4.2613816e+00  -1.4471757e+00
   8.2021231e+00  -1.0802996e+01   2.0432010e+00   9.2279964e+00  -1.0802996e+01   2.5492340e+00
   8.2184175e+00  -6.4487240e-01   1.9198021e+00   6.3465581e+00  -6.4487240e-01   4.5252927e-01
   1.8549482e+00   2.2883142e+00  -7.4960749e-02   1.8549482e+00   6.3600897e-01  -7.4960749e-02
   2.2943676e+00   2.6133836e+00  -5.3344069e-02   2.2943676e+00   3.0538209e-01  -5.3344069e-02
   2.3737725e+00  -3.9213785e-01   6.3381958e-02   3.0836786e+00  -3.9213785e-01   6.3381958e-02
  -2.9113069e-01   5.6117844e+00   4.5225230e+00  -2.9113069e-01   5.6117844e+00   1.8758621e-01
  -3.0659228e-01   4.4052253e+00   6.1383812e+00  -3.0659228e-01   4.4052253e+00   5.0184204e+00
   1.2749965e+00   4.2064522e+00  -1.4793836e+00   3.8591751e-01   4.2064522e+00  -1.4793836e+00
  -3.4204715e-01   4.7513504e+00  -5.7676963e+00  -3.4204715e-01   4.7513504e+00  -4.0842273e+00
   1.8296689e+00  -1.4273844e+00   2.3736257e+00   1.8296689e+00  -1.4273844e+00   8.1332367e-01
   4.3676637e-01  -8.2768538e-01   1.3315469e+00   4.3676637e-01  -8.2768538e-01   2.0920720e+00
   4.0073008e+00  -1.0400439e+01   5.3924573e+00   4.0073008e+00  -6.1559009e+00   5.3924573e+00
  -1.9184240e-01   4.2969212e+00  -3.2212781e-01  -1.9184240e-01   4.2969212e+00   3.0592347e-01
  -3.9446370e-01  -8.0755222e+00   4.9348173e+00  -3.9446370e-01  -8.0755222e+00   5.5181830e+00
   3.0557925e+00  -3.9330604e-01  -1.6151329e-02   2.3257396e+00  -3.9330604e-01  -1.6151329e-02
   3.9037010e+00  -4.0253560e+00   4.9295468e+00   2.9460308e+00  -4.0253560e+00   4.9295468e+00
  -3.2307452e-01   4.4025028e-01   4.5739989e+00  -3.2307452e-01   4.4025028e-01   5.1782339e+00
   1.6948648e+00  -8.2779612e-01   2.4997653e+00   1.6948648e+00  -8.2779612e-01   1.3603402e+00
   2.3531010e-01   1.4449101e+00   2.9497696e-01   2.3531010e-01   2.5426650e+00   2.9497696e-01
   2.3720347e+00   4.3124936e+00  -8.4551781e-01   2.3720347e+00   4.3124936e+00  -4.1934181e-01
   4.8238761e-01  -1.1007263e+00   2.4914872e+00   4.8238761e-01  -1.1007263e+00   1.3578918e+00
  -7.3001067e-02  -6.1650255e+00   5.0929686e+00   1.0859322e+00  -6.1650255e+00   5.0929686e+00
   5.8419953e+00  -2.0072571e+00   4.3063656e+00   5.1249902e+00  -2.0072571e+00   4.3063656e+00
   3.4561133e+00   1.9773942e+00   1.6962220e-01   3.4561133e+00   5.6924761e-01   1.6962220e-01
   4.0947067e+00  -2.1489811e+00   4.7353622e+00   2.8507010e+00  -2.1489811e+00   4.7353622e+00
   4.8161295e+00  -4.1871748e-01   2.3621580e+00   4.5414276e+00  -4.1871748e-01   3.1809019e+00
   6.0901480e+00  -5.6995633e-01   4.6282922e-01   6.4469950e+00  -5.6995633e-01   7.1139569e-01
   5.2758801e+00  -5.5918237e+00   4.9570812e+00   4.8399094e+00  -5.5918237e+00   4.9570812e+00
   8.4877989e+00   1.4538729e+00  -1.1768414e-01   5.9105989e+00  -6.2670476e-01  -1.1768414e-01
   4.2382835e-02   5.8075927e+00   2.1162901e+00   4.2382835e-02   8.4952802e+00   2.1162901e+00
   5.3896591e+00  -5.2963048e+00   4.9878160e+00   5.8523335e+00  -5.2963048e+00   4.9878160e+00
   8.9088240e+00  -1.0055809e+01   2.8526727e+00   6.4869411e+00  -1.0055809e+01   4.0733822e+00
   4.4205534e+00  -4.0956951e-01   4.2049188e-02   5.1951426e+00  -4.0956951e-01   4.2049188e-02
  -3.3990808e-01   5.1411036e+00  -2.9801023e-01  -3.3990808e-01   4.1493420e+00   3.3858423e-01
   1.5259241e+00  -4.7551195e+00   4.9962490e+00   4.0606886e-01  -4.7551195e+00   4.9962490e+00
   3.2466271e+00  -4.3660885e-01   3.3124972e-02   4.2496249e+00  -4.3660885e-01   3.3124972e-02
   6.6046991e+00  -4.3609190e-01   3.2581452e+00   7.9878766e+00  -4.3609190e-01   2.2038339e+00
   5.9040273e+00  -6.9581878e-01  -7.5571413e-02   7.2378382e+00   3.7557782e-01  -7.5571413e-02
   2.2475134e-01   4.3627201e+00  -4.5556119e+00   2.2475134e-01   4.3627201e+00  -5.6712780e+00
  -3.4973997e-01  -5.7684962e-01   1.4071217e-01  -3.4973997e-01  -5.7684962e-01   1.2473750e+00
   5.9858265e+00  -5.7266341e+00   4.7807262e+00   5.9858265e+00  -5.7266341e+00   4.0274716e+00
   6.1001822e-02   3.9808938e+00   2.7580382e+00   6.1001822e-02   7.7414380e+00   2.7580382e+00
   9.7976553e-01   1.1883395e+01   9.0167175e+00   1.3095200e+00   1.1883395e+01   9.0167175e+00
  -7.8368183e-02   4.6491465e+00  -4.7163237e+00  -7.8368183e-02   4.6491465e+00  -5.6199792e+00
   6.0072399e+00   6.7373376e-01  -1.0662877e+01   3.6797081e+00   6.7373376e-01  -1.0662877e+01
  -3.5401115e-01   7.0082047e+00  -3.1253856e-01  -3.5401115e-01   7.0082047e+00  -1.0446837e+00
   6.1415635e+00  -1.6548530e+00   4.2468149e+00   6.1415635e+00  -1.6548530e+00   3.5506466e+00
  -2.9207288e-02   4.5749181e+00  -5.8338206e+00  -2.9207288e-02   4.5749181e+00  -4.4480897e+00
   5.7598056e+00  -1.2891213e+00  -1.3091279e+01   4.2707056e+00  -1.2891213e+00  -1.3091279e+01
  -3.5207287e-01  -7.0954906e+00   4.8686107e+00  -3.5207287e-01  -1.3695354e+01   4.8686107e+00
   2.0180898e+00  -3.5876011e+00   4.9231984e+00   2.0180898e+00  -5.8644748e+00   4.9231984e+00
  -1.6784786e-01   1.1304294e+00   5.2890184e+00  -1.6784786e-01   1.1304294e+00   6.2016146e+00
   2.5970398e-02   6.4534979e+00   1.7594779e+00   2.5970398e-02   2.5661383e+00   1.7594779e+00
  -6.1714426e-02   4.6197189e+00  -2.0148018e+00  -6.1714426e-02   4.6197189e+00  -2.9518053e+00
