   3.0994307e+00  -9.0190247e-01   2.8177548e+00
   3.5471278e+00  -8.6716012e-01   2.3006141e+00
   3.5531486e+00  -8.9871702e-01   1.7385021e+00
   3.5526504e+00  -8.9995656e-01   2.1555506e+00
   3.2477856e+00  -9.0841543e-01   1.7799470e+00
   3.3024864e+00  -8.4497819e-01   2.8486728e+00
   3.5471269e+00  -8.2279088e-01   2.8195583e+00
   3.2409939e+00   4.2281798e+00  -1.9948008e+00
   3.4839845e+00   4.2266762e+00  -2.0786094e+00
   3.7207144e+00  -9.2016687e-01   2.6492319e+00
   2.3320359e+01  -2.2316893e+01  -2.2626289e+01
   3.7177936e+00  -9.4294014e-01   2.2253322e+00
   2.3120819e+01  -2.7544752e+01  -1.6065005e+01
  -2.1376524e-01  -3.9219633e-01   4.2582031e+00
   2.1325604e+01  -2.6148595e+01  -1.5709750e+01
  -2.4443808e-01   4.4967467e+00  -3.2017077e+00
   3.8024072e+00   4.2534995e+00  -2.0589812e+00
   2.2889330e+01  -2.7810865e+01  -1.5073065e+01
  -2.1711619e-01  -2.0803887e-01   3.5787191e+00
   1.5810017e+00   4.3733803e+00  -1.5268450e+00
   4.1242274e+00   4.2582093e+00  -2.0479591e+00
   2.1299489e+01  -2.1515501e+01  -2.0691512e+01
   3.0270219e+00  -8.3473234e-01   1.1048501e+00
   4.1105536e+00   4.2974118e+00  -1.8788402e+00
   3.5317280e+00  -8.0265521e-01   1.2885340e+00
   2.1193226e+01  -2.1331805e+01  -2.1257707e+01
   1.5794616e+00   4.3545584e+00  -1.1156878e+00
   4.7916836e+00  -4.9790643e+00   4.9297984e+00
   2.0913817e+01  -2.5880750e+01  -1.5694627e+01
   6.5165669e-01  -1.0049787e+00   1.5880650e+00
   5.0443050e+00  -1.6184850e+00   4.3946467e+00
   8.2915754e+00  -5.5514413e-01   2.0333789e+00
  -2.1605568e-01   4.7451938e+00  -3.1830510e+00
   4.8755576e+00   4.4451494e+00  -1.6767291e-01
   2.1590661e+01  -2.7150206e+01  -1.5840653e+01
   2.3430859e+01  -2.1949772e+01  -2.2479871e+01
   4.5098092e-01   4.3379683e+00  -5.0555796e+00
   1.1149338e+00  -9.4364572e-01   2.1083707e+00
   5.8442546e+00  -9.3713185e+00   4.2137201e+00
   5.2062464e-03   4.6158814e+00  -5.4980825e+00
   5.2697323e+00  -4.1466402e+00   4.2909267e+00
   9.9712400e-01   4.2931926e+00  -2.5988451e+00
   2.2923185e+01  -2.4299883e+01  -2.2529875e+01
   4.2812760e+00  -6.5621010e-01   4.9725668e+00
   2.1655039e+01  -2.5532018e+01  -1.5766624e+01
   1.9536840e+01  -2.8499227e+01  -1.5365136e+01
   2.3577727e+01  -2.4611344e+01  -2.2647999e+01
   9.5447146e-01   4.2553372e+00  -4.9704710e+00
   3.1956711e+00   4.2216438e+00  -2.7047609e+00
   6.5216860e-01  -9.2676809e-01   2.1247689e+00
   5.9030270e+00   3.4542727e+00  -4.0215490e+00
   7.4430853e+00  -2.1151705e+01   4.1836386e+00
   9.5658603e+00  -1.1374636e+01   2.4418537e+00
   6.2308132e+00   3.2298128e+00  -1.1950322e+00
   3.9998394e-01   1.4728376e+00  -2.2817863e-01
   2.1032200e+00   4.3467056e+00  -1.8759845e+00
   3.4660007e+00   1.1910160e+00   3.8432938e-01
   8.7510341e-01  -9.4351340e-01   2.1237158e+00
   5.5922131e-01   1.7514008e+00  -2.7385974e-01
   4.5499068e+00   2.1435357e+00   4.2607160e-01
   3.4550429e+00   2.1246701e+00   4.0343889e-01
   2.1295195e+01  -2.5225012e+01  -1.5537764e+01
   5.5249537e-01   1.4429118e+00  -2.4764141e-01
   5.9891096e+00  -2.1974803e+01   5.0699269e+00
   1.8655702e+00   4.3066031e+00  -3.9952126e+00
   2.1344156e+01  -2.8151254e+01  -1.5320158e+01
   4.5846874e+00   1.3484785e+00   3.4026047e-01
   6.0029503e-01  -7.7706884e-01   1.9695802e+00
   3.2581579e+00   4.3423810e+00  -4.3854465e+00
   1.1701950e+00   4.2919124e+00  -5.2636143e+00
   5.8089317e+00  -5.3287803e+00   4.1671934e+00
   8.0646586e+00  -2.1636190e+01   6.5797272e+00
   4.5403500e+00   4.4820177e+00  -4.4576623e+00
   4.3166762e-01   4.4164894e+00  -3.6560601e+00
   1.3807101e+00   4.3168340e+00  -1.4882627e+00
   2.3857873e+00   4.3321219e+00  -2.0810170e+00
  -1.3200777e-01   4.5258020e+00  -3.0658608e+00
   3.8742248e+00  -8.7388945e-01   1.5578995e+00
   6.9932775e-01   4.2809928e+00  -4.9887951e+00
   4.1301753e-01   4.2448924e+00  -1.2680446e+00
   2.2565547e+00   4.3688760e+00  -3.8842207e+00
   3.8531651e+00  -8.4359982e-01   1.0904648e+00
   5.2716237e+00   3.9757910e+00  -1.7338306e+00
   2.0870920e+00   4.3259618e+00  -2.4459325e+00
   4.7902391e+00  -7.1215818e+00   5.0156178e+00
   1.3689243e+00   4.3284782e+00  -3.5046206e+00
   1.2018307e+01  -2.3287631e+01   6.8639784e+00
   5.2220228e+00  -3.4655496e+00   4.2828170e+00
   2.0152618e+01  -2.8661778e+01  -1.5742756e+01
   8.0981506e+00  -2.1857994e+01   3.3370970e+00
   4.0773203e-01   4.2141328e+00  -1.9307616e+00
   5.2346621e+00   4.0642182e+00  -4.6794780e+00
   4.3462036e+00   4.3967602e+00  -4.4099027e+00
   3.9586723e+00   4.3776220e+00  -7.0008013e-01
   7.9052767e+00  -8.1500208e-01   2.3234525e+00
   1.0594772e+00   1.4298406e+00  -2.6049473e-01
   5.5223670e+00   3.8399688e+00  -7.2793751e-01
   7.1145980e-01   1.1114406e+00  -2.4688253e-01
   7.5812473e+00   2.1486365e+00  -1.4207121e+00
   2.4819947e+00  -1.4717392e+01   6.5643319e+00
   2.3377599e+01  -2.7827752e+01  -1.5294592e+01
   4.4805094e+00   2.3218908e+00   2.1644758e-01
   1.4496968e+00   4.2690077e+00  -5.7602869e+00
   6.8073164e-01   4.2993157e+00  -2.0829733e+00
   1.0565868e+00   1.1185900e+00  -2.3996183e-01
   9.9531802e-01   4.3213898e+00  -7.0592152e-01
   3.9767391e+00   4.3343687e+00  -3.2520988e+00
   4.1595761e+00   4.3366428e+00  -1.1217551e+00
   1.9596432e+01  -2.4596685e+01  -1.5683420e+01
   5.4415170e+00   3.8477784e+00  -1.3817329e+00
   5.4423453e-01   1.1229139e+00  -2.3913364e-01
  -2.8861220e-01  -8.2838546e+00   4.7339126e+00
   2.9099709e+00   4.3462979e+00  -1.6368414e+00
   3.8652782e+00   4.3311920e+00  -1.2944705e+00
   5.0493873e+00  -1.8658720e+01   5.0286029e+00
   1.3283333e+00  -8.9888687e-01   2.1256285e+00
   1.0654045e+00   1.7543744e+00  -2.7321268e-01
   5.8031187e+00   3.6020261e+00  -1.0998918e+00
   2.8018315e+00   4.3334929e+00  -4.4097151e+00
   6.0670494e+00   3.3254779e+00  -3.8451260e+00
   4.1303112e+00  -1.5339353e+01   5.9941907e+00
  -2.2142383e-01   4.3175294e+00  -4.0685442e+00
   6.2370436e-01   4.3152814e+00  -2.5435456e+00
   4.4004134e+00  -1.5617202e+01   5.2362366e+00
   1.0900765e+00  -8.8153986e-01   1.6100795e+00
   1.1476493e+00   4.3468232e+00  -2.1245700e+00
   4.3083304e+00   4.2806418e+00  -5.1199971e+00
   1.3346760e+00   4.3051675e+00  -4.4598603e+00
   1.5345711e+00   4.3197604e+00  -2.7733243e+00
   8.8579921e-01   1.1206126e+00  -2.3948209e-01
   2.9678045e+00   4.3392715e+00  -1.8555283e+00
   1.8936987e-01   1.3951896e+00   2.7043864e+00
   2.0690201e+00   4.3958970e+00  -5.7133828e+00
   1.4617807e+00   4.3379848e+00  -2.2444849e+00
   2.4632252e-02   4.2870973e+00  -4.0703260e+00
   1.1720300e+00   4.3620196e+00  -1.6908072e-01
   3.9529252e+00   4.2702114e+00  -6.1100159e+00
   2.0689011e+00   4.3953614e+00  -4.5531026e+00
   1.6335110e+00   4.3258864e+00  -2.6342025e+00
   3.7477319e+00  -1.4946219e+01   6.8500421e+00
   1.9837610e+00   4.3175860e+00  -2.7992321e+00
   5.4340539e+00   3.8802751e+00  -1.1017630e+00
   4.1906394e+00   4.3008756e+00  -5.6177011e+00
   2.3040918e+00   4.3439185e+00  -4.7856710e+00
   1.9444377e+00   4.3275294e+00  -4.0612233e+00
   4.3304630e+00   4.3277439e+00  -6.1840634e+00
   1.3865835e+00   4.3227811e+00  -1.9068063e+00
   3.0641302e+00   4.3325990e+00  -4.1179328e+00
   4.3339231e+00   4.3035061e+00  -5.8798681e+00
   3.8499685e+00   4.3404415e+00  -4.3755546e+00
   6.9982746e+00   2.5572094e+00  -6.1681133e+00
   6.9834757e+00  -2.3193298e+01   3.5998727e+00
   8.2503476e+00   1.6177783e+00  -3.9231406e+00
   6.0694604e+00  -1.9807061e+01   4.0928525e+00
   6.2382539e+00  -6.5289434e-01   1.8151262e+00
   5.6704921e+00   2.7579162e+00  -9.3746069e-02
   2.0539810e+00   4.3544706e+00  -7.2863164e-01
   5.5407453e+00   3.8234114e+00  -6.5833619e-01
  -4.1695040e-01   1.1212934e+00   2.6596509e+00
   4.3603915e+00   4.3567003e+00  -2.8939556e+00
   3.7884391e+00   4.3013291e+00  -5.1781455e+00
   2.8254634e-01   4.3153662e+00  -2.0375175e-01
   1.5833471e+00  -6.3031575e-01   3.9450828e+00
   5.6715593e+00  -3.2784103e+00   4.3501698e+00
   8.0941371e-01   4.3465108e+00  -7.7954945e-01
   2.1726338e+00   4.3552466e+00  -5.9265705e-01
   4.4036339e+00   4.3468366e+00  -3.3665049e+00
   3.0430271e+00   4.3577108e+00  -5.5843207e+00
   3.4995225e-01   4.4172179e+00  -4.6807163e+00
   2.8772576e+00   4.3738611e+00  -1.0565200e+00
   4.0410171e+00   4.3252818e+00  -4.8726841e+00
   2.7547271e+00   4.3589922e+00  -5.0270177e+00
   6.0686819e+00   3.3629262e+00  -6.3149075e+00
   3.7561461e+00  -1.4596977e+01   5.4984074e+00
   4.1520782e+00   4.2726255e+00  -5.3341343e+00
   1.6429874e+00   4.1925681e+00  -1.5134433e-01
   1.2536455e+00   1.2789837e+00  -9.6014353e-02
   6.7687225e+00   2.7900098e+00  -1.0830663e+00
   5.1376174e+00  -6.7010231e+00   4.8900665e+00
   9.2928278e-01   4.3209300e+00  -4.2391058e+00
   4.5140283e-01   4.3346847e+00  -2.1706386e+00
   1.1446139e+00   4.3227555e+00  -7.1744633e-01
   6.7561909e+00   2.8424031e+00  -1.2856721e+00
   5.1295058e+00  -6.6481007e+00   5.0175364e+00
   2.3195948e+00   4.3485026e+00  -2.3373557e+00
   5.4397145e+00  -6.1866279e-01   1.4898027e+00
   8.7911211e-01   4.3245882e+00  -7.1059554e-01
  -1.2378002e-02   4.7495310e+00  -1.7208682e+00
   5.9181918e-01   4.3107134e+00  -4.3053181e-01
   3.7876098e+00   1.6664431e+00   3.3774366e-01
   3.7387152e+00   4.3251806e+00  -5.7681204e+00
   1.7101134e+00   3.8385322e+00  -1.7974525e-01
   2.1440377e+01  -2.1522231e+01  -1.5715560e+01
   4.7885248e+00  -1.0178471e+01   4.8332255e+00
   1.6808527e+00   2.9716567e+00  -4.9703544e-02
   1.6074755e+00   3.3997564e+00  -1.1520906e-01
   4.3062382e+00   4.3307689e+00  -8.0787990e-01
   8.8173360e-01   4.2988295e+00  -1.9340842e+00
   2.5281612e+00   4.3195213e+00  -3.1040292e+00
   2.8139802e+00   4.2812878e+00  -8.7954281e-01
   1.4421045e+00  -9.0427645e-01   1.5820035e+00
   3.8930151e+00  -4.9160772e-01   7.9912448e-01
   2.9197285e+00  -6.5018781e-01   4.3217193e+00
   8.3132232e+00   1.5182119e+00  -3.8373799e+00
   3.1692112e-01   4.2757862e+00  -7.1265274e-01
   4.3896478e+00   4.3628256e+00  -9.2417265e-01
   2.8460007e+00   4.3322861e+00  -5.5067758e+00
   4.5646281e+00  -5.6965905e-01   4.2514577e+00
   3.4205008e+00   4.3658327e+00  -2.9421151e+00
   8.3256715e+00  -2.2463987e+01   3.7625541e+00
   3.9668091e+00   4.2989318e+00  -3.0436436e+00
   1.5873171e+00   3.6621730e+00  -1.5324220e-01
   3.7043549e+00  -1.5120656e+01   5.8771473e+00
   1.3481817e+00   3.6623021e+00  -1.8172029e-01
   5.6481283e+00   1.5633464e+00   4.1917925e-01
   1.9441874e+00  -6.3506731e-01   3.6739686e+00
   7.3259208e+00   2.3222419e+00  -2.8625999e+00
   1.1688925e+00  -6.5729389e-01   4.2433394e+00
   1.5640904e+00   2.8897830e+00  -6.7889570e-02
   4.4994406e+00   4.3209378e+00  -2.8189109e+00
   1.4186630e+00  -6.0686878e-01   3.5049340e+00
   4.3993982e+00   4.5108042e+00  -2.6082434e+00
   7.7514802e+00   1.9997353e+00  -1.4447274e+00
   3.0848737e+00   4.3065562e+00  -3.5446542e+00
   3.7813733e+00   4.3390245e+00  -4.8706691e+00
   5.8384653e+00  -6.2427734e-01   3.4439931e-01
   1.4640635e+00   3.4421256e+00  -1.4024429e-01
   2.4641642e+00   2.9561141e+00  -1.3565063e-01
   8.2127460e+00   1.6483773e+00  -4.4848074e+00
   4.3721232e+00   4.3308080e+00  -3.0967132e+00
   2.7666674e+00   4.1669466e+00  -1.1678399e-01
   5.3150823e+00   4.0089398e+00  -3.3957729e+00
  -2.7345368e-01  -6.2598121e-01   2.0564135e+00
   1.2786148e+00   4.3303192e+00  -6.5502223e-01
   3.1646614e-01  -5.7666119e-01   4.4341618e+00
   6.9699047e+00  -5.6547932e-01   1.5518480e+00
   3.6323282e+00   4.3319224e+00  -4.5270400e-01
   4.1423373e+00   4.3764740e+00  -1.5823070e+00
   5.3937325e+00  -5.6315629e-01   1.8728192e+00
   3.5187332e+00  -5.9789903e-01   4.0230520e+00
   2.0377839e+00   3.6724103e+00  -1.5564030e-01
   1.6991573e+00   3.4229373e+00  -1.5957469e-01
   1.3147015e+00  -6.9477640e-01   4.1918563e+00
   4.5149694e+00   4.3554775e+00  -2.5444010e+00
   2.4203780e+00   3.8036057e+00  -1.6063381e-01
   1.4551443e+00   4.3237704e+00  -1.9934499e-01
   4.7395499e-02  -6.4320692e-01   4.7919059e+00
   2.0367277e+00   4.3074369e+00  -3.1388010e+00
   5.4088004e+00  -5.2334323e+00   4.3042881e+00
   1.4377848e+00  -8.9587535e-01   2.0902930e+00
   3.1055256e+00   4.4087077e+00  -5.7317188e+00
   5.2051187e+00  -6.1736998e-01   1.6740632e+00
   3.0436478e+00   3.7684185e+00  -1.5735575e-01
   5.9007792e+00   2.9755334e+00  -1.3517318e-01
   2.0731086e+00  -5.7701332e-01   3.5704860e+00
   3.8986632e+00   2.9541685e+00  -8.9600296e-02
   2.1837431e+00   4.3037838e+00  -1.6532340e-01
   4.7824310e+00  -6.8170570e+00   4.7515206e+00
   6.4513038e+00   3.0313904e+00  -1.1482683e+00
   2.5525483e+00   4.3690264e+00  -1.4368257e+00
   2.7668208e+00   4.4231563e+00  -5.7412311e+00
   6.4510171e+00  -6.1875993e-01   1.0068601e+00
   1.1363996e+00  -5.4807910e-01   4.3512888e+00
   1.2966664e+00   3.3425998e+00  -1.0640006e-01
   2.1101649e-01  -7.1539293e+00   4.5055529e+00
   6.6931772e+00  -2.1736719e+01   4.4143357e+00
   1.3338160e+00   4.3460050e+00  -8.6531801e-01
   2.5324949e-01  -5.1602897e+00   4.8094312e+00
  -9.4896040e-02  -5.5764140e-01   4.8573031e+00
   5.9139915e+00   3.4984168e+00  -2.6970417e+00
   2.6376238e+00   3.6256891e+00  -1.6199337e-01
   1.8004939e+00  -5.9076497e-01   2.4499143e+00
   2.5790429e+00   4.3475130e+00  -5.5402269e-01
   3.3104162e+00   4.3074937e+00  -3.0209919e+00
   1.2900706e+00   4.0318314e+00  -1.5603951e-01
   1.0254306e+00  -5.0363294e-01   4.2889871e+00
   6.8799848e-01   4.3551784e+00  -9.5385842e-01
   2.5494885e+00   4.3669245e+00  -3.7057507e-01
   5.4074901e+00   2.8572887e+00  -1.2775214e-01
   6.5298384e+00  -6.3508216e-01   8.3209999e-01
   1.9503684e+00  -6.5614698e-01   2.7498374e+00
   4.0666939e+00  -1.7148731e-01   4.8766140e+00
   2.9760445e+00   4.2750522e+00  -6.4091401e+00
   3.6725777e+00   4.3731845e+00  -2.9947475e+00
   5.4063487e+00  -5.6832519e-01   1.7821164e+00
   4.8519776e+00  -5.8203127e-01   1.2460582e+00
   3.5587364e+00   4.3141348e+00  -5.7237598e+00
   4.1419526e+00   3.9692290e+00  -1.7221061e-01
   5.1581547e+00  -6.6060337e-01   1.0603307e+00
   4.0360232e+00   4.3363913e+00  -4.0213701e-01
   4.1902541e+00   1.3144852e+00   2.7133684e-01
   2.7111493e+00   4.2868425e+00  -3.4098876e+00
   3.3842821e+00   4.3335094e+00  -3.5232244e+00
   5.7674133e+00   3.4852386e+00  -1.2776831e-01
   3.8971161e+00   2.5782711e+00  -2.9862683e-02
   3.4241272e+00   4.0137401e+00  -1.1765544e-01
   8.2343415e+00   1.6069101e+00  -3.2930627e+00
   1.9638998e+00   3.6993800e+00  -1.3939386e-01
   2.8345334e+00  -5.8422244e-01   3.8202546e+00
   5.5260827e+00  -5.1301797e+00   4.5660385e+00
   6.4225968e+00   3.0662334e+00  -1.2409754e+00
   5.3396211e+00   2.8623640e+00  -1.3353349e-01
   6.5843941e+00   2.9288871e+00  -1.9116445e+00
   2.5878106e-01  -5.2210184e-01   3.5673199e+00
   2.2565011e+00  -6.3079424e-01   2.4856096e+00
   3.8737124e+00   8.7472363e-01   2.8813512e-01
   2.2312029e+00  -6.9919076e-01   1.0319346e+00
   4.8712404e+00  -5.5545839e-01   1.0389742e+00
  -2.6439963e-01   2.8949491e+00  -6.4312075e-02
   5.3167614e+00  -5.3259509e-01   3.2526472e+00
   6.2411342e+00   6.9226195e-01   2.6358096e-02
   2.4648524e+00  -7.1728752e-01   3.4812040e+00
   3.5197017e+00  -5.7811254e-01   3.7849141e+00
   4.9928885e+00   3.8538138e+00  -1.9119259e-01
   3.9649293e-01   3.9901600e+00  -2.1058015e-01
   4.0706872e+00   1.6358573e+00   3.1170583e-01
   7.6774819e-01   4.3059281e+00  -4.1894226e+00
   7.7620227e+00   1.9984170e+00  -1.3607192e-01
   1.9339045e+00  -5.2208080e-01   1.3610203e+00
   1.0970029e+00  -5.6878291e-01   3.8757845e+00
  -3.0389039e-01   2.9344954e+00  -1.2103410e-01
   5.4235476e+00   1.7390148e+00   3.6508316e-01
   4.4959393e+00  -6.0327355e-01   3.5848986e+00
  -6.6673448e-17  -1.6326984e-15   5.1564086e-16
   2.4450363e+00  -6.5616918e-01   3.1387496e+00
   5.2970728e+00  -5.9211927e-01   2.9594016e+00
   6.8343299e+00   2.7898172e+00  -1.1048128e-01
   8.2180303e+00   1.6327446e+00  -6.1314747e+00
   7.6406352e+00  -6.1938961e-01   2.0972599e+00
   1.3333822e+00  -9.6167770e-01   1.7293381e+00
   5.0413728e-01  -6.6084928e-01   3.7300360e+00
   3.9408889e+00  -5.3453121e-01   4.9390043e-01
   3.8161048e+00  -5.4537179e-01   4.2679767e+00
   6.7113630e-01   4.2816802e+00  -1.9415248e+00
   3.8082320e+00   4.3579373e+00  -2.9697416e+00
  -1.2110403e-01   3.4270339e+00  -1.1655160e-01
   8.2246691e+00   1.6346280e+00  -6.7594327e+00
   4.4084311e+00   4.3690988e+00  -3.5595673e-01
   1.3270321e+00  -6.1706124e-01   3.0925372e+00
   2.1504424e+00  -7.1902648e-01   1.2779290e+00
   2.3254295e+00  -5.8997279e-01   1.9470872e+00
   7.0754294e+00  -7.5607355e-01   2.7754571e+00
   6.3324984e+00  -6.0600488e-01   2.0920753e+00
   7.5881723e-01   4.2569447e+00  -1.6508799e+00
   7.9524590e+00  -5.0258815e+00   2.1274611e+00
   3.4666876e+00  -6.2661435e-01   3.6211872e+00
   1.3067753e+00  -6.3137749e-01   4.7983027e+00
  -3.3258802e-01  -1.4681220e+00   4.9470143e+00
   4.4734838e+00   4.3518603e+00  -7.3622859e-01
   7.1001900e+00  -5.5022914e-01   2.1776388e+00
   1.1575836e-01  -5.2050283e-01   3.8608033e+00
   3.8823981e+00   3.3592090e+00  -1.3642723e-01
   3.9143061e+00   1.7946996e+00   2.9646069e-01
   2.8680686e+00  -6.3763735e-01   3.3798651e+00
  -1.2191001e-01   8.0640399e-01  -1.0585721e-01
   4.2066401e+00   2.3072641e+00   1.8122759e-01
   4.9848772e+00   2.5825917e+00   3.8113192e-02
   3.6576547e+00   2.7868423e+00   1.7176614e+00
   3.1025129e+00   7.7153450e-01   4.2500305e-01
   1.4302314e+00   2.0337034e+00  -8.0163357e-02
   3.5928380e-01  -6.2966437e-01   3.1830521e+00
   1.1761717e+01  -2.4841054e+01   4.7022865e+00
   5.5248962e+00  -5.6099562e-01   1.8878149e-01
   7.7375702e+00   1.6608819e+00  -8.4428806e-02
  -1.7677522e-01   2.3832650e+00  -2.7768007e-02
   1.2242446e+00   9.0335785e-01   7.8824904e-03
   4.1628034e+00  -6.7377102e-01   1.0573933e+00
   7.4955528e+00  -4.8119552e+00   2.5971365e+00
   1.1996193e+01  -2.4547570e+01   4.6328553e+00
  -3.4203935e-01   4.8822230e+00  -4.1899095e+00
   2.5129060e+00  -5.9231618e-01   3.0961136e+00
   1.0060941e+00  -6.3528393e-01   3.0141999e+00
   1.1905439e-01  -6.2947556e-01   3.6532202e+00
  -1.9730213e-01   4.2836337e+00  -1.2254892e+00
   3.3520099e+00   3.2124662e+00  -1.0977082e-01
   4.2475837e+00  -9.1995085e+00   5.2330861e+00
   4.0583461e+00   2.2549421e+00   2.0908697e-01
   8.6100138e+00  -2.2318871e+01   4.7884812e+00
   4.2906412e+00  -6.7173955e-01   1.2414560e+00
   4.7312726e+00   4.3814199e+00  -1.9360442e+00
   1.5345459e+00   4.3297073e+00  -6.2061831e+00
   1.5334578e+00   4.3398781e+00  -6.6585360e+00
   1.4697041e+00   4.3484321e+00  -6.4211190e+00
   2.4640038e+00   4.3630129e+00  -1.2281299e+00
   2.2521510e+00   4.3477255e+00  -2.1576420e+00
   1.7960563e+00   4.3072737e+00  -2.5363399e+00
   2.0781589e+00   4.3527608e+00  -3.9753223e-01
   2.1484134e-01   4.3448436e+00  -6.4028455e+00
   4.0989254e+00  -5.8859015e-01   9.6250570e-01
   4.2354351e-01   4.2949744e+00  -1.9989479e-01
   2.4115704e+00   4.3638686e+00  -6.8956037e+00
   3.1498412e+00   4.3907184e+00  -7.0239599e+00
   1.1778064e+00   3.7886710e+00  -1.5904227e-01
   1.7593382e+00   3.4694164e+00  -1.3133531e-01
   4.1771002e+00  -5.9512159e-01   7.2237922e-01
   3.7081720e+00   4.3695582e+00  -7.0223494e+00
   2.1004321e+00  -6.8801355e-01   1.5457651e+00
   5.3875180e+00  -5.2993268e-01   1.0960719e-01
   6.6547292e-01   4.3231652e+00  -1.9106915e-01
   5.4262913e+00  -5.8500352e-01   1.6315972e+00
   3.5755762e+00   4.3824492e+00  -2.9354592e-01
   3.8450981e+00   4.2029288e+00  -2.7281551e+00
   4.2374710e+00   4.2434875e+00  -2.7346430e+00
   6.1055748e+00  -5.7350944e-01   3.0812699e+00
   6.5375200e+00   2.4489268e-01   3.7855603e+00
   1.9063906e+00  -6.3258885e-01   6.9726249e-01
   2.0688253e+00  -6.0338578e-01   8.1148678e-01
   1.8903992e+00  -6.9013731e-01   3.2931828e+00
   6.3381247e-01   4.3357251e+00  -4.0548407e+00
   6.4047762e+00  -5.8059378e-01   2.9695559e+00
   2.1708502e+00   2.5461257e+00  -5.1753113e-02
   1.0348623e+00   4.3011600e+00  -2.1340994e+00
   9.1933516e-01   4.3481439e+00  -1.5792585e+00
   3.0990805e+00  -8.9536266e-01   2.1887969e+00
   3.1040718e+00  -8.9951791e-01   1.6433892e+00
   3.0970961e+00  -8.5123479e-01   2.7107749e+00
   3.5428384e+00  -8.3079542e-01   2.6909957e+00
   3.5449142e+00  -8.6513810e-01   1.6287890e+00
   3.4445252e+00  -7.8647717e-01   2.7129399e+00
   3.7072059e+00  -8.2227409e-01   2.1988655e+00
   3.1367877e+00   4.3397766e+00  -3.7542543e+00
   3.5335405e+00  -8.4210653e-01   1.1323037e+00
  -7.2392598e-02  -1.6964321e-01   3.5820160e+00
   3.3877399e+00  -8.7295437e-01   1.0810583e+00
   4.8666027e+00  -5.7376399e+00   4.8946791e+00
   3.1454057e+00   4.3267462e+00  -2.3121962e+00
   8.3141715e+00  -7.4729924e-01   2.1352120e+00
   2.0249272e+00   4.3402028e+00  -2.2620966e+00
   4.0948733e+00  -5.9489883e-01   3.1120094e+00
  -2.1807101e-01  -2.4809761e-01   2.8770448e+00
   2.1356879e+00   4.3415745e+00  -2.2474626e+00
   2.9878840e+00  -7.8329860e-01   1.4267770e+00
   3.8389825e-01   4.3066449e+00  -3.2068879e+00
   3.4568541e+00   2.3206424e+00   1.9609090e-01
   3.1295005e+00   4.3526314e+00  -5.0996571e+00
   1.4862301e+00   4.3190470e+00  -4.8557993e+00
   4.3815586e+00   4.3384094e+00  -3.7459249e+00
   4.4661383e+00   2.6359745e+00   1.3348978e-02
   2.2677641e+00   4.3351901e+00  -1.9155975e+00
   4.4504174e+00   1.7345114e+00   3.7836487e-01
   1.0399068e+00  -9.2475740e-01   2.1193644e+00
   8.5873379e-01   4.3063235e+00  -2.8169721e+00
   4.2021919e+00   4.3499166e+00  -9.3812708e-01
   6.4549461e+00   3.0414020e+00  -2.0075339e+00
   1.6888264e+00  -5.8360391e-01   2.6442619e+00
   8.2573443e-01   4.3263832e+00  -4.4228144e+00
   4.4739275e+00   8.3974557e-01   3.1942859e-01
   1.0041958e+00   4.3044618e+00  -2.7470771e+00
   2.0539343e+00   4.3356739e+00  -2.0615417e+00
   1.3721003e+00   4.3083077e+00  -3.9478007e+00
   1.7925606e+00   4.3257632e+00  -4.9648841e+00
   1.9376405e+00   4.3374595e+00  -7.1694450e-01
   3.0417953e+00   4.3275841e+00  -9.6529612e-01
  -4.3995821e-02   4.3134934e+00  -1.1865166e+00
   4.4313323e+00   1.3149080e+00   4.2144288e-01
   4.5955862e+00   2.3173178e+00   1.9510100e-01
   1.7447732e-01  -5.7153112e-01   2.9516571e+00
   5.4213870e+00   3.9001180e+00  -1.7402412e+00
   4.7683358e+00   4.5481784e+00  -4.4449062e+00
   5.4090748e+00   3.9178210e+00  -3.0774771e+00
   2.0941894e+00   4.3187308e+00  -4.9375851e+00
   6.3958123e+00   3.0999129e+00  -2.4453237e+00
   3.8675456e+00  -5.3098135e-01   3.2976957e+00
   3.9577299e+00   4.3385941e+00  -3.1376405e+00
   5.3016165e-01   4.3214915e+00  -2.0719168e-01
   3.7733963e-01   4.3036639e+00  -1.5800108e+00
   5.4437671e-01   4.3109763e+00  -2.0663619e+00
   3.9713900e+00   4.3574904e+00  -1.6254325e+00
   3.5146236e+00   4.3584791e+00  -1.1060189e+00
   2.5482471e+00   4.3364172e+00  -3.7603263e+00
   2.0833796e+00   4.3545740e+00  -4.6574136e-01
   3.9755964e+00   4.3460312e+00  -1.5601253e+00
  -3.0415420e-01   3.8672034e+00  -1.2592602e-01
   5.5845887e+00  -1.2312333e+00   4.0366234e+00
   2.3505622e+00   4.3492852e+00  -8.2493168e-01
   1.1845281e+00   4.2985064e+00  -2.5644016e+00
  -5.2688175e-02  -1.3532582e-01   2.9493035e+00
   1.6602208e+00   4.3393471e+00  -2.1542600e+00
   3.0437868e+00   4.3427730e+00  -2.8834884e+00
   2.1125993e+00   4.3153160e+00  -5.3817439e+00
   4.4065377e+00  -5.3637618e-01   4.8513405e+00
   2.2322296e+00   4.3365460e+00  -1.3506206e+00
   1.0874290e+00  -8.3495077e-01   2.4402932e+00
   2.2531833e+00   4.3191767e+00  -4.8524969e+00
   1.4281462e-01   4.3173510e+00  -8.3268693e-01
   1.1831172e+00   4.3040251e+00  -2.7159549e+00
   5.4831021e+00  -5.0702810e+00   4.8448368e+00
   2.9875438e+00   4.3457551e+00  -1.2854526e+00
   2.7967348e+00   4.3319881e+00  -4.8698981e+00
   3.9318950e+00   4.3614155e+00  -3.5390525e+00
   5.3144565e+00  -5.0932928e+00   4.9005407e+00
   2.5518131e+00   4.3428621e+00  -3.9020647e+00
   3.5388082e+00   4.3410754e+00  -8.2270235e-01
   4.6263349e+00   4.1904796e+00  -1.3240484e-01
   6.4440825e+00   3.0397969e+00  -2.6537507e+00
   1.7245140e+00   4.3512246e+00  -1.9202753e-01
   2.3261349e+00   3.7742679e+00  -1.4662137e-01
   5.7870106e-01   4.3415711e+00  -5.0712583e-01
   4.2857197e+00   4.3580230e+00  -5.9230538e-01
   2.5087843e+00  -5.8530034e-01   3.3790257e+00
   5.6688633e+00   2.6141465e+00   3.1551900e-02
   6.6060686e+00  -6.3401985e-01   2.9152752e+00
   1.1776478e+00  -6.1766915e-01   4.0633476e+00
   2.6735414e-01  -5.2410053e-01   2.7981724e+00
   4.9192586e+00   4.1079193e+00  -1.2803408e-01
   1.3304268e+00  -9.2741372e-01   1.6053761e+00
   2.0060465e-01  -4.6531420e-01   4.2429656e+00
  -2.9417490e-01   3.2606917e+00  -7.4837878e-02
   3.7291067e+00   4.3487728e+00  -4.8556767e-01
   1.3974431e+00   4.3338794e+00  -2.7697131e+00
   5.8218378e+00  -5.7495621e-01   1.3823592e+00
   5.8550170e+00  -3.3764800e+00   4.2614922e+00
   4.1468538e+00  -6.4409884e-01   1.7592390e+00
   2.8613886e+00   4.3633198e+00  -7.7165395e-01
   2.9010207e+00   4.3221887e+00  -3.2899756e+00
   4.3646982e-01   4.3056016e+00  -8.6744322e-01
   2.9039749e-01  -6.3910635e-01   4.7969485e+00
   5.8788091e+00  -6.0624049e-01   1.5335745e+00
   4.6587795e+00   3.7110067e+00  -1.3750754e-01
   1.0205033e+00  -8.9585930e-01   1.8064607e+00
   4.5088716e-01  -6.7482573e-01   4.8026291e+00
   2.0561435e+00   4.3259016e+00  -3.3060218e+00
   1.0807271e+00   4.3316069e+00  -9.8669431e-01
   4.1376000e+00  -5.0830912e-01   4.6685479e+00
   5.4027276e+00   1.3140134e+00   3.8070229e-01
   1.8021692e+00  -5.9886569e-01   2.0894501e+00
   2.8219323e+00   4.0245611e+00  -1.6383240e-01
   5.4928578e+00   2.2974175e+00   3.0146934e-01
   3.5005827e+00   4.3656791e+00  -2.9896094e-01
   4.1504950e+00  -5.7422927e-01   2.0375978e+00
   1.0772837e+00   4.2949345e+00  -3.0562234e+00
   5.8527344e+00  -5.8476353e-01   7.2599672e-01
   2.4657557e+00   3.1051259e+00  -9.4624360e-02
   6.2810705e+00  -5.6319686e-01   1.2875065e+00
   7.6783935e+00  -6.9103868e-01   2.2352061e+00
   5.4437353e+00   2.2043169e+00   4.1229740e-01
   3.8460923e+00   4.3684533e+00  -3.7835524e-01
   1.4553191e+00  -5.9503721e-01   1.2816091e+00
   1.3031419e-01  -6.6160489e-01   4.8016130e+00
   2.5670523e+00   4.3372710e+00  -5.8162529e+00
  -1.4869136e-01   4.2404589e+00  -1.8500470e-01
   2.5620132e+00   3.8876975e+00  -1.6166126e-01
   3.6412355e+00  -5.6376580e-01   3.3387415e+00
  -3.0765177e-01   4.7487263e+00  -1.7774619e+00
   1.7744855e+00  -5.5482886e-01   1.3758671e+00
   2.4542069e+00   2.7323806e+00  -5.6205989e-02
  -2.0372687e-02  -6.6108126e-01   4.8007808e+00
   2.8265971e+00   4.3530144e+00  -5.2507574e-01
   5.4602525e+00   2.7357892e+00   5.5466482e-02
   6.0423765e+00  -5.6371357e-01   2.1535455e+00
   1.5272062e+00  -6.7896184e-01   3.4925714e+00
   3.1226513e+00   4.0192756e+00  -1.9587416e-01
   1.3189510e+00  -6.2218989e-01   3.2886357e+00
   1.1353022e+00  -6.3968693e-01   4.8091323e+00
   2.5178959e-01  -6.4773815e-01   2.4960059e+00
   4.4211446e+00  -5.7070855e-01   4.1987790e+00
   6.6192280e+00   2.5973115e+00  -6.9172920e-02
   3.2341441e-01  -1.6637926e+00   4.9122128e+00
   1.3430674e+00  -6.1846477e-01   3.6898585e+00
  -1.9286514e-01   2.4312612e-01  -1.5147625e-02
   3.9496550e+00  -5.9508564e-01   4.8101937e+00
   4.9167231e+00  -5.8998324e-01   6.5033753e-01
   1.1857643e+00  -5.4593576e-01   4.6226281e+00
   6.7668298e+00   2.5843666e+00  -1.2808500e-01
   3.2496211e+00   2.9262580e+00  -1.0667228e-01
   7.7431060e+00   1.8419010e+00  -1.0761583e-01
   4.2272779e+00  -4.6689961e-01   2.1190660e+00
   9.2072638e-01   4.3364708e+00  -1.1555377e+00
  -1.9093589e-01   7.5881739e-01  -5.7176547e-02
   1.5624051e+00  -5.8999662e-01   1.0296572e+00
   5.2058891e+00   2.6055135e+00   3.3407139e-02
   4.3520343e+00  -6.0413290e-01   2.6309313e+00
   5.3667670e+00  -2.8479408e-01   3.9365875e-02
   3.1923853e+00  -6.2141059e+00   5.1624334e+00
   1.4225223e+00   1.0465825e+00  -7.0223162e-02
