   1.9987272e+00  -4.1736046e-01   2.4779398e+00   2.9492684e+00  -4.1736046e-01   2.4779398e+00
   1.9577460e+00  -3.2476103e-01   1.3655110e+01   1.9577460e+00  -3.2476103e-01   1.4401873e+01
   2.9088586e+00  -2.9991539e-01   1.6678358e+01   2.9088586e+00  -2.9991539e-01   1.5931922e+01
   2.9210987e+00  -3.6920353e-01   2.5491069e+00   4.9148313e-01  -3.6920353e-01   2.5491069e+00
   6.1974540e+00  -3.6844689e-01   2.5500929e+00   5.0510847e+00  -3.6844689e-01   2.5500929e+00
   1.4386760e-01  -4.0839607e-01   2.4826156e+00   1.7625699e+00  -4.0839607e-01   2.4826156e+00
  -1.9535708e+00  -3.9122995e-01  -1.1087257e+00  -1.9535708e+00  -3.9122995e-01   1.2208320e+00
   6.3170355e+00   3.0748670e-01  -6.5179201e-01   7.5158942e+00   3.0748670e-01  -6.5179201e-01
   4.8826668e+00  -3.7436726e-01   2.5464050e+00   3.2117375e+00  -3.7436726e-01   2.5464050e+00
   1.1773234e-01  -3.2829510e-01   1.0534243e+01   1.1773234e-01  -3.2829510e-01   1.5854202e+01
   6.3784557e+00  -4.1274603e-01   2.4759396e+00   7.7960592e+00  -4.1274603e-01   2.4759396e+00
   1.7884781e+00   2.1480370e-02  -7.9716426e-01   2.8834851e+00   2.1480370e-02  -7.9716426e-01
   3.0741310e+00  -4.8227856e-01   6.8336457e+00   3.0741310e+00  -4.8227856e-01   7.5913274e+00
  -4.1485465e+00  -1.6690711e-02  -3.7230270e-01  -2.4362898e+00  -1.6690711e-02  -3.7230270e-01
   3.0002124e+00  -2.9658397e-01   1.5792787e+01   1.8913490e+00  -2.9658397e-01   1.5792787e+01
   2.9240222e+00  -3.5590205e-01   1.4455057e+01   2.9240222e+00  -3.5590205e-01   1.3680286e+01
  -2.6488150e+00   1.0565565e+00   3.8250700e+00  -7.8048579e-01  -2.5107602e-02   4.6733778e+00
   1.8038067e+00  -3.9763770e-01   1.2002503e+01   1.8038067e+00  -3.9763770e-01   1.1549880e+01
   5.0321509e+00   4.2048234e-02   1.3437854e+01   6.0886237e+00   4.2048234e-02   1.3437854e+01
   6.4291358e+00  -5.0323904e-01   6.0427207e+00   7.2751294e+00  -5.0323904e-01   5.2809575e+00
   3.2533316e+00  -4.1622876e-01   2.4778937e+00   6.1929199e+00  -4.1622876e-01   2.4778937e+00
   5.0736329e+00   2.1605761e-03   1.0413582e+01   6.1090038e+00   2.1605761e-03   1.0413582e+01
  -7.7976540e-01   8.6748575e-03   4.3925681e+00  -7.7976540e-01   8.6748575e-03   3.0689457e+00
  -9.7563477e-02  -5.1482490e-01   2.9212299e+00  -9.7563477e-02  -5.1482490e-01   4.5250595e+00
  -5.9768283e+00  -5.8696844e-01  -2.0008240e+00  -6.0063547e+00  -5.8696844e-01   5.1369250e-01
   7.7963017e+00  -3.5862966e-01   2.5538948e+00   6.4015235e+00  -3.5862966e-01   2.5538948e+00
   5.0727835e+00   1.6029219e-02   1.1302551e+01   6.1115351e+00   1.6029219e-02   1.1302551e+01
  -2.6231680e+00   1.0390387e+00   6.1213589e+00  -8.8800633e-01   6.8026341e-03   6.9363093e+00
  -8.7508376e-03  -4.6699027e-01   4.1827135e+00  -8.7508376e-03  -4.6699027e-01   2.5314077e+00
  -8.0890828e-01  -8.4519612e-02   4.5725589e+00  -2.4759800e+00   9.0434488e-01   3.8123819e+00
   3.0690293e+00  -4.3890725e-01   9.1189053e+00   3.0690293e+00  -4.3890725e-01   9.9046493e+00
   1.8500869e+00  -6.1550663e-02   4.0863612e+00   1.8500869e+00  -6.1550663e-02   5.0887912e+00
  -1.0339175e-01  -5.0999504e-01   5.3884716e+00  -1.0339175e-01  -5.0999504e-01   6.2887380e+00
   2.1375873e+00  -7.6833636e-02   7.9589384e+00   2.7012064e+00  -7.6833636e-02   7.9589384e+00
  -2.4683120e+00   9.6127890e-01  -5.3465168e+00  -6.7156025e-01  -9.3091315e-02  -4.5425911e+00
   4.6116429e+00  -4.9048181e-01  -1.1215536e+00   3.2268737e+00  -4.9048181e-01  -1.1215536e+00
  -6.6108707e-02  -4.9140125e-01  -7.1249817e+00  -6.6108707e-02  -4.9140125e-01  -2.3243821e+00
  -2.1759037e+00  -6.2685833e-01   2.5679688e+00  -2.1759037e+00  -6.2685833e-01   1.5345588e+00
   3.5831160e+00  -4.7276905e-01   1.6118644e-01   3.9990409e+00  -4.7276905e-01  -4.7469576e-01
  -1.6300816e+00  -3.7608486e-01   1.4875848e-01  -4.9800059e-01  -3.7608486e-01  -8.2379554e-01
   3.0435178e+00  -1.0168212e+00   1.2648485e+01   3.0435178e+00  -1.0168212e+00   1.1397895e+01
  -7.5806078e-01   3.3920317e-02  -2.7352755e+00  -7.5806078e-01   3.3920317e-02  -4.1327877e+00
   2.9477311e+00  -4.6221219e-01   5.3452295e+00   2.9477311e+00  -4.6221219e-01   4.5180610e+00
  -6.1543227e+00   3.5489859e+00   2.6677119e+00  -6.1543227e+00   6.4691484e-02   2.6677119e+00
   3.1279897e+00  -4.5007411e-01   1.6979204e+01   3.1279897e+00  -4.5007411e-01   3.1586004e+00
   6.1106200e+00  -1.9538796e-02   1.1114205e+01   5.0890590e+00  -1.9538796e-02   1.1114205e+01
   6.1158313e+00  -2.8694558e-02   8.0982966e+00   5.0500349e+00  -2.8694558e-02   8.0982966e+00
   3.1604394e+00  -3.6505613e-01  -2.1046861e+00   3.1604394e+00  -3.6505613e-01   1.6906203e+01
  -7.7325171e-01   6.3980279e-02  -4.9219112e+00  -7.7325171e-01   6.3980279e-02  -6.4597930e+00
   1.7849447e+00  -3.2705818e-01   1.6880731e+01   1.7849447e+00  -3.2705818e-01   1.6049190e+01
  -1.0088931e-01  -4.6600490e-01   1.4471557e+01  -1.0088931e-01  -4.6600490e-01   1.5963700e+01
   1.9274736e+00  -2.0548929e-01   1.5974789e+01   1.9274736e+00  -2.0548929e-01   1.6908389e+01
  -7.9268734e-01  -3.0246475e-02   9.0236682e+00  -7.9268734e-01  -3.0246475e-02   7.5497698e+00
   2.1007388e-01  -2.2469954e-01  -9.4748707e-01  -6.7426528e-01  -2.2469954e-01  -5.1490066e-01
  -7.8610969e-01  -3.3068622e-02   1.1321146e+01  -7.8610969e-01  -3.3068622e-02   9.8964592e+00
   2.1271603e+00  -6.9266751e-02   1.0264462e+01   2.8888978e+00  -6.9266751e-02   1.0264462e+01
   6.1155153e+00  -4.5834015e-01  -1.0964720e+00   4.7859239e+00  -4.5834015e-01  -1.0964720e+00
   1.9846490e+00  -4.2185927e-01   6.9070336e+00   1.9894417e+00  -4.2185927e-01   7.5660947e+00
   2.6879570e+00  -6.8824729e-02   8.0440020e+00   2.2133824e+00  -6.8824729e-02   8.0440020e+00
   4.9198861e+00  -3.6592064e-02   1.5158899e+01   6.1774594e+00  -3.6592064e-02   1.5158899e+01
  -7.8094485e-01  -2.2526816e-02   1.3600499e+01  -7.8094485e-01  -2.2526816e-02   1.2141569e+01
  -7.2183651e-01  -2.7752245e-01   6.8897708e+00  -7.2183651e-01  -2.7752245e-01   5.4307916e+00
  -1.2641578e-02  -4.9772976e-01   7.8306669e+00  -1.2641578e-02  -4.9772976e-01   5.9570560e+00
   1.7950606e+00  -3.7255043e-01   9.7292390e+00   1.7950606e+00  -3.7255043e-01   9.1914162e+00
   2.8272112e+00  -8.1312312e-02   8.6612464e+00   1.7869778e+00  -8.1312312e-02   8.6612464e+00
   2.9990446e+00  -3.3806312e-01   1.3537466e+01   1.8975890e+00  -3.3806312e-01   1.3537466e+01
   1.9813445e+00  -4.1079458e-01   9.0712605e+00   1.9813445e+00  -4.1079458e-01   9.8709793e+00
   3.0465958e+00  -2.7346741e-01  -2.3878898e+00   3.0175886e+00  -2.7346741e-01  -5.3622506e+00
   5.0744462e+00  -7.1861063e-03   9.1746177e+00   6.1357418e+00  -7.1861063e-03   9.1746177e+00
   6.0972816e+00  -2.4566935e-02   1.0228641e+01   5.0633936e+00  -2.4566935e-02   1.0228641e+01
  -2.3083230e+00  -3.7779779e-01   9.3209161e-01  -3.5733173e+00  -3.7779779e-01   9.3209161e-01
   6.1197409e+00  -2.0659918e-02   8.9828642e+00   5.0497725e+00  -2.0659918e-02   8.9828642e+00
  -6.7547009e-01  -1.7522651e-01  -4.6198878e+00  -2.3938270e+00   8.1139793e-01  -5.3697151e+00
   7.4130603e+00  -5.7966724e-01  -1.2077194e+00   6.3451967e+00  -5.7966724e-01  -1.2077194e+00
  -5.6409539e+00  -4.6677583e-01   1.4079765e+00  -5.6409539e+00  -4.6677583e-01  -1.0393131e+00
  -5.0509711e+00  -3.0491916e-01   1.8283998e-01  -4.5863786e+00  -3.0491916e-01  -3.2956873e-01
  -8.5255078e-01   1.1111506e-02  -4.2900403e+00  -8.5255078e-01   1.1111506e-02  -2.7020426e+00
   3.3840157e+00  -5.1656340e-01   1.5461548e+00   4.6514990e+00  -5.1656340e-01   1.5461548e+00
  -8.5612033e-01   1.3546141e-02  -6.4847615e+00  -8.5612033e-01   1.3546141e-02  -4.8986456e+00
  -6.0473673e+00  -5.4020130e-01   5.3575573e-01  -6.0473673e+00  -5.4020130e-01   1.3298260e+00
   1.7958012e+00  -5.6118489e-01   2.6037651e+00   1.7958012e+00  -5.6118489e-01   1.6413462e+00
   6.1120026e+00  -6.7244429e-03   1.0491699e+01   5.4669121e+00  -6.7244429e-03   1.0491699e+01
  -1.0578911e-01  -1.9452710e-01   1.7025048e+01  -1.0578911e-01  -1.9452710e-01   7.8037681e+00
   5.0723314e+00  -9.8615608e-03   8.2864996e+00   6.1280438e+00  -9.8615608e-03   8.2864996e+00
   6.1138827e+00  -1.0898874e-02   9.2501316e+00   5.4451268e+00  -1.0898874e-02   9.2501316e+00
   3.0391366e+00  -2.9807740e-01   1.3641910e+01   3.0391366e+00  -2.9807740e-01   1.4447048e+01
   2.9478473e+00  -4.1351576e-02   1.0956509e+01   1.8766782e+00  -4.1351576e-02   1.0956509e+01
   1.9746697e+00  -3.8677703e-01   1.1474515e+01   1.9746697e+00  -3.8677703e-01   1.2168643e+01
   9.6769336e-01  -2.8144509e-01   1.3296182e+01   1.5201628e+00  -2.8144509e-01   1.3509943e+01
   3.0316843e+00  -3.2900125e-01  -5.0543516e+00   3.0067285e+00  -3.2900125e-01  -1.3647415e+01
  -1.1866511e+00  -3.6559949e-01  -3.1956331e-01  -1.0051599e-01  -3.6559949e-01  -1.0021969e+00
   6.0314842e+00   1.7748699e-02   6.5866967e+00   4.9806781e+00   1.7748699e-02   6.5866967e+00
  -4.3284556e+00  -2.1002485e-01  -4.1272276e-01  -4.8588665e+00  -2.1002485e-01   1.0184257e-02
   6.1319209e+00   1.3447363e-03   8.3610703e+00   4.9982047e+00   1.3447363e-03   8.3610703e+00
  -8.8366659e-01   3.1069762e-02   1.2054125e+01  -8.8366659e-01   3.1069762e-02   1.3676910e+01
   1.9746124e+00  -5.9799254e-01   1.6574412e+00   1.9746124e+00  -5.9799254e-01   2.5589483e+00
   2.0899845e+00  -5.5963501e-02   1.0878456e+01   2.8936651e+00  -5.5963501e-02   1.0878456e+01
  -7.9474258e-01  -1.1199995e-01   6.8888054e+00  -2.6295585e+00   9.9764864e-01   6.0300007e+00
  -6.0401644e+00  -5.8265124e-01   2.6063466e+00  -6.0401644e+00   4.6499234e+00   2.6063466e+00
   2.1181794e+00  -8.4471158e-02   8.5806396e+00   2.6940113e+00  -8.4471158e-02   8.5806396e+00
   5.9405425e+00  -3.1476979e-01  -3.9300164e+00   5.0483297e+00  -3.1476979e-01  -3.9300164e+00
   2.9518301e+00  -5.0685943e-01   7.6894921e+00   2.9518301e+00  -4.6285004e-01   6.8203025e+00
  -6.6603454e-01  -2.2177915e-01  -5.3159083e-01  -1.3806400e+00  -2.2177915e-01   1.1366249e-01
  -4.9992233e+00   2.5311968e+00   2.6892116e+00  -4.9992233e+00   2.5311968e+00   1.6538197e+01
   2.9398476e+00  -6.9592511e-02   1.0348646e+01   2.0147471e+00  -6.9592511e-02   1.0348646e+01
   3.4363377e-03  -4.1051069e-01  -2.1453901e+00   3.4363377e-03  -4.1051069e-01  -7.7757175e+00
   6.1316104e+00   2.5419980e-03   1.1380816e+01   5.4587606e+00   2.5419980e-03   1.1380816e+01
  -7.5749387e+00   6.1227944e+00   1.7263126e+01  -3.2558731e+00   6.1227944e+00   1.6199415e+01
  -8.9437757e-01   8.3311610e-02   1.4134549e+01  -8.9437757e-01   8.3311610e-02   1.5927402e+01
   7.3562894e+00  -5.6259378e-01   2.1763066e+00   6.8411567e+00  -5.6259378e-01   2.1763066e+00
   5.9526376e+00  -3.1331100e-01  -5.0157976e+00   4.3904848e+00  -3.1331100e-01  -5.0157976e+00
   2.9563111e+00  -4.7254739e-01   9.9490564e+00   2.9563111e+00  -4.7254739e-01   9.1235434e+00
   2.8517257e+00  -3.6187821e-01  -2.6764347e+00   1.7574318e+00  -3.6187821e-01  -2.6764347e+00
   6.1036341e+00  -3.2153980e-01   1.5823561e+01   5.0519097e+00  -3.2153980e-01   1.5823561e+01
  -4.7479591e+00   2.2602388e+00  -1.3401213e+01  -4.7479591e+00   2.2602388e+00  -4.3136453e+00
   5.2824283e+00   2.4372423e-01  -5.5717269e-01   6.1657161e+00   2.4372423e-01  -5.5717269e-01
   5.0538968e+00  -1.1980692e-02   6.5172228e+00   6.0111144e+00  -1.1980692e-02   6.5172228e+00
   6.3723318e+00  -4.2912221e-01   1.2915224e+01   6.3723318e+00  -4.2912221e-01   1.5451281e+01
  -8.9832219e-01   2.9284312e-01   1.5917808e+01  -8.9832219e-01   2.9284312e-01   1.4362806e+01
   6.0752966e+00   6.9678919e-03   2.9088410e+00   5.0579736e+00   6.9678919e-03   2.9088410e+00
   6.2707918e+00  -4.7724083e-01   6.1940095e+00   6.2707918e+00  -4.7724083e-01   1.5346517e+00
  -4.5885699e+00   2.2647109e+00  -3.7457781e+00  -4.5885699e+00   2.2647109e+00  -1.6100288e+01
  -8.9185221e-01   2.2013461e-02   9.8852806e+00  -8.9185221e-01   2.2013461e-02   1.1353925e+01
   5.1736981e+00  -2.6995367e-01   5.3730606e+00   6.0961020e+00  -2.6995367e-01   5.3730606e+00
  -9.8640585e-01   2.2855329e-01   2.7159942e+00  -9.8640585e-01   2.2855329e-01   4.3641365e+00
  -1.6247815e+00   4.2475964e-01   9.2202959e+00  -2.5800489e+00   1.0071562e+00   9.2202959e+00
   3.1196119e+00  -3.1411555e-01  -1.3651598e+01   3.1196119e+00  -3.1411555e-01   1.1509650e+00
   1.8940164e+00  -2.1991590e-01  -3.7744903e+00   2.7692668e+00  -2.1991590e-01  -3.7744903e+00
  -7.4338303e-01  -1.4684883e-01  -6.8516836e+00  -2.4191414e+00   8.3060716e-01  -7.5910021e+00
  -8.9998998e-01   1.2678211e-02   7.4322003e+00  -8.9998998e-01   1.2678211e-02   9.0758540e+00
   1.0361477e+00  -3.2055539e-01   1.1040335e+01   1.5002954e+00  -3.2055539e-01   1.1212564e+01
   2.3268398e+00  -1.1615958e-01   1.4644427e+01   2.8349221e+00  -1.1615958e-01   1.4644427e+01
  -1.0943406e-01  -4.1443568e-01   1.6208301e+01  -1.0943406e-01  -4.1443568e-01   1.6804573e+01
   6.0079607e+00  -2.8165818e-03   6.3087927e+00   5.0591650e+00  -2.8165818e-03   6.3087927e+00
   3.6869621e-01  -3.4877880e-01   1.5114751e+01   1.1393956e+00  -3.4877880e-01   1.4462171e+01
  -2.4856313e+00   9.5818332e-01  -7.5555972e+00  -6.3773559e-01  -1.0585625e-01  -6.7502649e+00
   2.9256308e+00  -4.0460830e-01   4.3909071e+00   1.9823058e+00  -4.0460830e-01   4.3909071e+00
   3.1870909e+00  -6.5620878e-01   1.5770665e+00   3.1870909e+00  -6.5620878e-01   2.5190374e+00
   5.0513348e+00  -9.3062593e-03   5.6217778e+00   5.8265433e+00  -9.3062593e-03   5.6217778e+00
  -5.6687459e+00   3.7078710e+00   2.4908493e+00  -5.6687459e+00   5.8408642e-01   2.4908493e+00
   6.3955801e+00  -6.8075496e-01   6.6930311e+00   6.3955801e+00  -6.8075496e-01   1.0306590e+01
   1.7900683e+00  -3.5781409e-01   1.4261380e+01   1.7900683e+00  -3.5781409e-01   1.3698895e+01
   5.0512178e+00  -2.4445613e-01  -6.3600954e+00   5.9031993e+00  -2.4445613e-01  -6.3600954e+00
   6.1161996e+00  -3.2853084e-01   5.3119479e+00   5.1740804e+00  -3.2853084e-01   5.3119479e+00
   5.0661302e+00  -1.4256375e-01  -6.1983777e-01   4.4946154e+00  -1.4256375e-01  -4.5975875e-02
  -3.4194099e+00  -3.7520656e-01  -5.2928196e-01  -2.2708318e+00  -3.7520656e-01  -5.2928196e-01
  -2.0003228e+00   6.8334110e-01   1.3753193e+01  -2.9492152e+00   1.2468128e+00   1.3753193e+01
   5.8366804e+00   1.8160240e-03   5.4130192e+00   5.0379655e+00   1.8160240e-03   5.4130192e+00
   2.8660493e+00  -3.6566525e-02   5.7345167e+00   1.9070392e+00  -3.6566525e-02   5.7345167e+00
  -1.4115807e-02  -4.9615585e-01   1.1314659e+01  -1.4115807e-02  -4.9615585e-01   7.9264105e+00
  -4.7873081e+00   2.4350151e+00   1.6482727e+01  -4.7873081e+00   2.4350151e+00   2.2368030e+00
  -4.6754059e+00  -3.1298311e-01  -2.5077192e-01  -3.9125913e+00  -3.1298311e-01  -5.6649822e-01
   6.3606859e+00  -3.9809748e-01   1.6110869e+00   6.3606859e+00  -3.9809748e-01   6.0390331e+00
  -8.9085851e-01   1.9625995e-02   5.2560893e+00  -8.9085851e-01   1.9625995e-02   6.7489283e+00
   6.0990011e+00   1.6357168e-02   3.7901567e+00   5.0550521e+00   1.6357168e-02   3.7901567e+00
   4.6971861e+00   1.4739346e-02  -4.4548390e-03   5.1981234e+00   1.4739346e-02  -4.0391115e-01
  -9.1258202e+00   3.8927382e+00   1.7685773e+00  -1.0623456e+01   3.8927382e+00   1.2333453e+00
  -6.5049601e+00   4.5233726e+00   2.6785178e+00  -9.6222971e+00   4.5233726e+00   1.3456170e+00
   5.1541581e+00  -2.7974110e-01   2.8758439e+00   5.7801941e+00  -2.7974110e-01   2.8758439e+00
   7.7674155e+00  -3.4434871e+00   5.9490106e+00   7.7674155e+00   2.0605393e+00   5.9490106e+00
   5.0278495e+00  -2.4670095e-01  -3.8723757e+00   5.9060350e+00  -2.4670095e-01  -3.8723757e+00
   5.4780430e+00  -1.2340326e-02   1.0577053e+01   6.1149831e+00  -1.2340326e-02   1.0577053e+01
   1.7420951e+00  -3.8791200e-01  -1.1073091e+00   1.7420951e+00  -3.8791200e-01  -2.1353154e+00
   5.8706377e-01  -3.3101543e-01  -3.4566090e+00   1.3078491e+00  -3.3101543e-01  -3.9087809e+00
   1.8154060e+00   5.2158068e-03  -8.7575494e-02   2.8178513e+00   5.2158068e-03  -8.7575494e-02
   6.2570512e+00  -4.9886299e-01  -5.4133606e+00   6.2570512e+00  -4.9886299e-01  -1.4281116e+00
   6.3517531e+00  -2.5304890e-01   1.3558985e+01   6.3517531e+00  -2.5304890e-01   1.7050479e+01
   6.3708682e+00  -2.6996070e-01   1.3569819e+01   6.3492039e+00  -2.6996070e-01   1.5434933e+01
   2.8315583e+00  -3.5878376e-01   6.6867949e+00   1.9178691e+00  -3.5878376e-01   6.6867949e+00
   8.1103629e-01  -4.3416881e-01   7.8597859e+00   1.4179763e+00  -4.3416881e-01   7.5767721e+00
   6.0927203e+00  -5.6691623e-01   2.3184569e+00   4.9526237e+00  -5.6691623e-01   2.3184569e+00
   1.0404962e+00  -2.5964910e-01   1.5552668e+01   1.4694052e+00  -2.5964910e-01   1.5739060e+01
   9.1691491e-01  -4.3231139e-01   3.1182710e+00   1.4860809e+00  -4.3231139e-01   3.1182710e+00
   2.0980964e+00  -7.8865233e-02   6.2692092e+00   2.9030004e+00  -7.8865233e-02   6.2692092e+00
   6.2501541e+00   1.0889568e+00   1.4470162e+01   6.2501541e+00   1.0889568e+00   1.1750243e+01
   6.3423343e+00   2.8272892e-01   1.3210071e+01   6.3423343e+00   2.8272892e-01   1.4356029e+01
   6.1344859e+00  -2.2856099e-01  -1.9628622e+00   6.1344859e+00  -2.2856099e-01  -1.3086638e+01
   6.1334210e+00  -1.5704749e+00   1.4656267e+01   6.1334210e+00   9.2419531e-01   1.4656267e+01
   5.9019466e+00  -2.7091478e-01  -5.7535867e+00   5.0320529e+00  -2.7091478e-01  -5.7535867e+00
   2.0469567e+00  -1.4162645e-01   1.5234593e+01   2.8441797e+00  -1.4162645e-01   1.5234593e+01
   6.1209197e+00  -3.9436793e-01   1.0902448e+01   5.0277762e+00  -3.9436793e-01   1.0902448e+01
   5.8259986e-01  -3.4380018e-01  -5.6428739e+00   1.2440305e+00  -3.4380018e-01  -6.1182841e+00
   7.8621263e+00  -8.6779430e-01   1.4234464e+01   7.8621263e+00  -8.6779430e-01   1.5050851e+01
   4.9468796e+00  -3.6660754e-01   5.2001172e+00   6.1126886e+00  -3.6660754e-01   5.2001172e+00
   6.3099601e+00  -3.0558225e-01   1.3742889e+01   6.3099601e+00  -3.0558225e-01   6.9198603e+00
   2.8435873e+00  -1.6764847e-01   1.5161023e+01   2.0396465e+00  -1.6764847e-01   1.5161023e+01
  -1.6205847e+00   4.9479841e+00   1.6765082e+01  -8.4020930e+00   6.2493468e+00   1.7396678e+01
   1.9101119e+00  -8.6206978e-02   3.0824338e+00   2.8208106e+00  -8.6206978e-02   3.0824338e+00
  -1.2615568e+00  -6.0657062e-02   1.5827889e+01  -2.6108469e+00  -6.0657062e-02   1.5184579e+01
  -2.4561602e+00  -3.9943394e-02   3.6767057e+00  -9.2085490e-01  -3.9943394e-02   2.9793979e+00
   7.7523955e+00   1.5091072e-01   3.2120037e+00   7.7523955e+00   1.5091072e-01   2.1681907e+00
   1.6548383e+00  -3.3770649e-01   1.1321780e+01   1.0298503e+00  -3.3770649e-01   1.1131317e+01
  -1.8847929e+00   3.7063046e-02  -5.6457946e+00  -9.8694083e-01   3.7063046e-02  -5.6457946e+00
   6.1552940e+00  -1.3027386e-01   1.5649467e+01   5.1933798e+00  -1.3027386e-01   1.5649467e+01
   7.7534011e+00  -4.3357019e+00   8.4824296e+00   7.7534011e+00  -4.3357019e+00   4.0470442e+00
   2.8477430e+00  -3.8213356e-01  -4.8543631e+00   1.9686360e+00  -3.8213356e-01  -4.8543631e+00
   6.3928122e+00  -3.2533568e-01  -8.4565340e-01   7.4685376e+00  -3.2533568e-01  -8.4565340e-01
  -2.9650164e+00   1.2866900e+00   1.3829579e+01  -2.2637622e+00   8.1748436e-01   1.3829579e+01
   7.3214784e-01  -4.2652801e-01   1.2507878e+01   1.4706262e+00  -4.2652801e-01   1.2158999e+01
  -9.4319479e-01  -3.3873830e-02   1.5892347e+01  -2.4344649e+00  -3.3873830e-02   1.5176853e+01
   7.8812034e+00  -7.8303588e-01   1.0003759e+01   7.8812034e+00  -7.8303588e-01   1.2165934e+01
  -3.1217619e+00   1.4110871e+00   9.2109261e+00  -3.1217619e+00   1.4110871e+00   8.7086071e+00
  -2.4169640e+00   7.3114061e-01  -5.3538431e+00  -2.4169640e+00  -1.3375366e-01  -5.3538431e+00
  -2.3146523e+00  -2.3492290e-01  -4.8379967e-01  -3.4169603e+00  -2.3492290e-01  -4.8379967e-01
  -3.1324439e+00   1.4435703e+00   1.1497473e+01  -3.1324439e+00   1.4435703e+00   1.0955187e+01
  -1.9624299e+00   4.7233781e-02  -3.4456929e+00  -1.0057914e+00   4.7233781e-02  -3.4456929e+00
   2.8514763e+00  -3.2614258e-02   1.0646082e+01   2.0250703e+00  -3.2614258e-02   1.0646082e+01
   2.8120372e+00  -1.7616423e-01   5.2197874e-01   1.6768070e+00  -1.7616423e-01   5.2197874e-01
   1.8808289e+00  -1.9041168e-01  -3.2258206e+00   2.8160984e+00  -1.9041168e-01  -3.2258206e+00
   7.9208440e+00  -8.4852232e-01   1.5113848e+01   7.9208440e+00  -8.4852232e-01   1.3867170e+01
   4.7528313e+00  -9.3260863e-02  -6.2884505e+00   5.5689569e+00  -9.3260863e-02  -6.2884505e+00
   2.8323546e+00  -1.8038615e-01  -2.0231474e-01   1.6775882e+00  -1.8038615e-01  -2.0231474e-01
  -1.0230247e+00  -7.1282261e-02   9.0693163e+00  -2.4307803e+00  -7.1282261e-02   8.4150671e+00
   4.6571078e+00  -4.3333555e-01   1.2734350e+00   4.0170532e+00  -4.3333555e-01   7.9209858e-01
   3.1465134e+00   7.5729994e-02   1.6957914e+01   6.1795146e+00   7.5729994e-02   1.6957914e+01
   6.0550138e+00  -3.0541957e-01   1.0998014e+01   5.1930064e+00  -3.0541957e-01   1.0998014e+01
   4.8204851e+00  -9.8830435e-02  -3.0057422e-01   5.8686503e+00  -9.8830435e-02  -8.3536266e-01
   7.9456448e+00  -6.6158016e-01   1.3129315e+01   7.9456448e+00  -6.6158016e-01   9.9119696e+00
  -3.0065392e+00  -4.9887409e-01  -1.9815058e+00  -4.9982541e+00  -4.9887409e-01  -1.9815058e+00
  -8.0317016e-01   1.1425411e-01   2.6458594e+00  -1.5398563e+00   1.1425411e-01   2.6458594e+00
   1.9227212e+00  -3.6819648e-01  -6.1514800e+00   2.8025668e+00  -3.6819648e-01  -6.1514800e+00
   7.8564567e+00  -1.9467831e+00   2.6952650e+00   7.8564567e+00  -1.9467831e+00  -1.8860087e+00
   2.9680363e+00  -5.4635240e-01   1.5454716e+00   1.9561038e+00  -5.4635240e-01   1.5454716e+00
   1.9562898e+00  -1.7207774e-01  -5.4885730e+00   2.7388760e+00  -1.7207774e-01  -5.4885730e+00
  -9.0940587e-01  -6.2062339e-02   1.3716191e+01  -2.5672146e+00  -6.2062339e-02   1.2964106e+01
   5.0300933e+00  -3.3517232e-01   1.3090133e+01   6.0373891e+00  -3.3517232e-01   1.3090133e+01
  -3.5780180e+00  -1.0967219e-01   3.3775631e-01  -2.5450111e+00  -1.0967219e-01   3.3775631e-01
   4.2647763e+00   4.3774159e+00  -8.2715766e+00   5.8583867e+00   4.3774159e+00  -8.2715766e+00
   2.8275096e+00  -2.0735008e-01   1.2903332e+01   2.0492352e+00  -2.0735008e-01   1.2903332e+01
  -1.0761883e+00  -2.2630960e-02   1.1312968e+01  -2.3457144e+00  -2.2630960e-02   1.0716498e+01
   6.3098160e+00  -2.7759515e+00  -9.3803962e-02   6.3098160e+00   7.7571150e+00  -9.3803962e-02
   6.0891178e+00  -3.7976102e-01   1.3920211e+01   5.0614212e+00  -3.7976102e-01   1.3920211e+01
  -8.6106326e-01  -2.0109651e-01  -4.7533561e+00  -2.2796090e+00  -2.0109651e-01  -5.2392171e+00
  -3.1159790e+00   1.4521726e+00   1.3792430e+01  -3.1159790e+00   1.4521726e+00   1.3271205e+01
   4.6125414e+00   2.4482434e+00   2.4357371e+00   6.0312984e+00   2.4482434e+00   2.4357371e+00
  -3.1139800e+00   1.4762246e+00   1.6130781e+01  -3.1139800e+00   1.4762246e+00   1.5611832e+01
   5.7530046e+00  -6.7721976e+00   7.6949760e+00   6.4459145e+00  -6.7721976e+00   7.6949760e+00
   2.8178331e+00   5.8402778e-02   3.6538498e+00   2.0120015e+00   5.8402778e-02   3.6538498e+00
   5.8243928e+00   4.0073917e+00  -5.4981794e+00   4.6672123e+00   4.0073917e+00  -5.4981794e+00
   7.7168866e+00  -4.2249239e-01   1.3167167e+00   6.4750580e+00  -4.2249239e-01   1.3167167e+00
   2.1333698e+00  -6.0527063e-01   5.9584061e+00   2.9748778e+00  -6.0527063e-01   5.9584061e+00
  -9.8293864e-01   1.1424695e-01  -3.1271192e+00  -2.1560908e+00   1.1424695e-01  -3.1271192e+00
   7.9200319e+00  -9.9464603e-01   1.3621028e+01   7.9200319e+00  -9.9464603e-01   1.1759646e+01
  -2.5304484e+00   9.2589455e-03  -1.4607301e-01  -3.6250863e+00   9.2589455e-03  -1.4607301e-01
   1.9576292e+00  -7.2253047e-02   1.2290832e+01   2.8077938e+00  -7.2253047e-02   1.2290832e+01
   1.9642746e+00  -1.1333891e-01   7.6638877e+00   2.7980120e+00  -1.1333891e-01   7.6638877e+00
   6.6222816e+00  -5.4141762e-01   1.5841684e+00   7.4333449e+00  -5.4141762e-01   1.5841684e+00
   5.0244844e+00  -3.1763965e+00  -2.1676193e+00   6.1868573e+00  -3.1763965e+00  -2.1676193e+00
   6.2678301e+00   1.0712463e+00   3.4896900e-01   6.2678301e+00  -3.1737241e+00   3.4896900e-01
   6.3731899e+00  -5.0996190e+00   6.6323421e+00   5.6979148e+00  -5.0996190e+00   6.6323421e+00
   1.9563437e+00  -9.7789830e-02   9.9775002e+00   2.8273742e+00  -9.7789830e-02   9.9775002e+00
   6.0173387e+00  -3.3618461e-01  -2.3674060e+00   4.8880623e+00  -3.3618461e-01  -2.3674060e+00
   2.1986931e+00  -7.2399926e-01   5.7783609e+00   2.9639697e+00  -7.5841964e-01   5.7783609e+00
