  -7.3913649e-01  -1.3813895e-02   1.5610711e+01
  -1.1703661e+00   7.9393407e-02   1.2732635e+01
  -1.9613825e+00  -3.8511404e-01   1.0646213e+00
  -1.5640478e+00   4.1839572e-01   1.1392207e+01
  -1.1884376e+00   9.7657139e-02   1.0066362e+01
  -3.7882837e+00  -4.4109246e-01  -8.1784375e-01
  -3.7627067e+00  -1.9704306e-01  -4.5857690e-01
  -9.0285806e-01   6.0406528e-01   1.5175970e+01
  -1.2851342e+00   1.3920880e-01   3.5587132e+00
  -1.2302775e+00   2.4507645e-01   4.5260512e+00
  -1.1172944e+00   5.7987560e-02   5.6895409e+00
  -1.0159785e+00   1.1616340e-01   5.8357314e+00
  -1.8427333e-01  -3.7788770e-01   1.3719842e+01
  -1.0236001e+00   2.3976547e-01  -3.9289681e+00
   1.2495596e-01  -4.7261000e-01   1.2210152e+01
   8.7462108e-01  -3.0798970e-01   1.5574042e+01
   1.0885016e-01  -3.2471514e-01   1.5548163e+01
   1.0904736e-01  -4.5032584e-01   1.1644622e+01
   1.3203176e-01  -5.8442890e-01   9.6208802e+00
   1.3236358e-01  -5.0742901e-01   9.2932022e+00
  -4.1553726e-01  -2.8789104e-01  -4.6192432e+00
  -1.9563828e+00  -4.5830069e-01   5.8773508e-01
   9.2268907e-02  -4.0483396e-01   9.8808748e+00
   1.5216920e+00  -2.6209242e-01   1.5724687e+01
   1.1212146e-01  -4.6411789e-01   8.1588706e+00
   1.0869359e-01  -4.0187538e-01  -5.8902449e+00
   9.9932763e-01  -4.0401719e-01   7.2284016e+00
   9.9416750e-01  -3.9848222e-01   4.9220755e+00
   1.8380454e+00  -1.1632661e-01   1.5261441e+01
   1.0942218e-01  -4.5302981e-01   5.0054170e+00
   9.6954164e-01  -3.7758415e-01  -6.5836517e+00
   1.7999942e+00  -1.7321815e-01   1.3014931e+01
   1.8057361e+00  -2.9959752e-01   8.2411042e+00
   1.5404586e+00  -1.8151190e-01   3.8969374e+00
   2.6645917e+00  -1.0771741e-01   1.0717893e+01
   1.7313338e+00  -3.0838323e-01   3.1149755e+00
   1.7947376e+00  -2.1365545e-01   3.2246112e+00
   2.9161189e+00  -3.1288957e-01  -6.1987209e+00
   3.0055831e+00  -4.8845435e-01  -5.9934781e+00
   3.5792670e+00  -4.4383287e-01   3.0678677e-01
   3.7758071e+00  -4.3399617e-01  -2.5820826e-02
   3.9526310e+00  -3.4609163e-01  -3.4379475e+00
   4.3531594e+00  -3.6100658e-01   1.1366161e+01
   3.2747831e+00  -4.3295903e-01   9.8728323e+00
   4.6274936e+00  -4.6892343e-01  -1.1054843e+00
   4.8006978e+00  -3.3862101e-01  -7.5893482e-01
   4.8251651e+00  -3.2196644e-01   1.3780435e+01
   4.7896520e+00  -6.4043522e-02  -5.6235127e+00
   6.2904841e+00  -2.9430690e-01  -3.8513092e+00
   6.3854269e+00  -5.7825166e-01   1.9122439e+00
   6.6184989e+00  -2.2512375e-01   1.5298705e+01
   6.6812839e+00  -3.6693794e-01   1.6162780e+01
   6.3925363e+00  -3.6764488e-01   1.0982358e+01
   6.3952324e+00  -3.5405385e-01   1.3617531e+01
   6.4312058e+00  -5.7651690e-01   1.2123324e+01
   6.7221799e+00  -3.3059319e-01   1.6249516e+01
   7.3817327e+00  -4.1361686e-01   7.9369373e+00
   7.4364469e+00  -3.2849913e-01   1.3942611e+01
  -3.6017790e+00  -9.9698904e-02   3.4081153e-01
  -8.4864538e-01  -3.5770587e-02   9.2621892e+00
   1.8349692e+00  -1.5868830e-01  -5.9971125e+00
  -1.8214927e+00  -5.5818069e-01  -1.2100700e+00
   1.0401488e+00  -1.9802699e-01   1.2745047e+01
   2.0061882e+00  -1.8099020e-01   1.5167639e+01
   1.7729994e+00  -5.0638596e-01  -1.9991248e+00
   4.1289931e+00  -2.8050799e-01   1.5603864e+01
   6.0643638e+00  -2.7555266e-03  -3.8416706e+00
   4.5529110e+00  -3.6893593e-01  -2.4028717e-01
  -2.0449273e+00   8.5113180e-02   1.5056122e+01
  -1.9794138e+00  -5.6702313e-01   2.3420655e+00
  -1.5364512e+00   9.0374158e-02   1.4971407e+01
  -1.4309688e+00   1.2602785e-01   1.0463208e+01
  -1.0000761e+00   1.0619410e-01   1.5323024e+01
  -1.1620272e+00   1.0549380e-01   1.5318680e+01
  -1.0045319e+00   6.1672716e-02   1.1150630e+01
  -1.0259519e+00   1.1894027e-01   1.0431360e+01
  -1.8378149e+00   6.8615598e-01  -7.2253931e+00
  -1.1987956e-01  -4.2548324e-01   1.6891278e+01
  -1.9663622e-01  -3.5249154e-01  -4.2356617e+00
  -1.1693296e-01  -4.2528994e-01  -4.4903622e+00
   1.7748496e-01  -4.6836985e-01   2.5158615e+00
   8.6212578e-01  -3.4469978e-01   1.5783768e+01
   3.3715237e-01  -4.1043235e-01   1.2951201e+01
   1.9063531e+00  -3.2463094e-01   1.3627374e+01
   1.7953916e+00  -3.8288942e-01   5.2017480e+00
   1.8491042e+00  -3.6141061e-01  -6.2691778e+00
  -1.0079863e+00   9.4068856e-02   3.4210090e+00
   1.9047528e+00  -1.9091871e-01  -6.0197607e+00
   1.5450924e+00  -1.6437686e-01   1.4788177e+01
   9.6402078e-01  -2.3200107e-01   1.0488716e+01
   1.8156450e+00  -2.5962029e-01   1.4578659e+01
   4.2136795e+00  -3.6987148e-01   3.1783037e+00
   1.8037143e+00  -3.0316267e-01   1.0546086e+01
   1.8366636e+00  -3.4101343e-01   1.0034906e+01
   3.0108027e+00  -2.6931882e-01   1.6709386e+01
   4.8259944e+00  -3.4029447e-01  -4.1254289e+00
   4.8532985e+00  -3.6069477e-01  -4.8711310e+00
   6.0166840e+00   1.1017155e-05   6.4974123e+00
   1.4274304e+00  -2.6135299e-01   5.1499866e-01
   6.0680662e+00  -2.7917905e-02   6.3346736e+00
   1.7460869e+00  -3.4080304e-01   2.5401898e+00
   3.0463399e+00  -3.7042636e-01   1.1355632e+01
   4.0761884e+00  -2.8844014e-01   1.5413634e+01
   6.6746132e+00  -4.6226620e-01   8.1722443e+00
   6.7549712e+00  -3.8682956e-01   7.3632691e+00
   4.3599010e+00  -3.5021464e-01   1.0483116e+01
   6.8607930e+00  -3.9099325e-01   6.9099271e+00
   7.0438585e+00  -4.5391726e-01   1.0377234e+01
   4.9999708e+00  -3.4008557e-01   1.3127298e+01
   7.2839767e+00  -3.1534788e-01   1.4375211e+01
   7.6944192e+00  -3.9224794e-01   9.1970116e+00
   6.3977495e+00  -4.4156621e-01   9.6270146e+00
  -4.3581783e+00  -1.3108134e-01   2.0383216e-01
   6.5066607e+00  -3.4320498e-01   1.3618501e+01
  -4.1534688e+00  -1.7896193e-01   2.1451888e-01
   6.5882453e+00  -3.2953983e-01   1.4163732e+01
   6.7338131e+00  -3.4558098e-01   1.3913708e+01
   6.7528530e+00  -3.5291039e-01   1.3291520e+01
   6.9133373e+00  -3.6278328e-01   1.6470472e+01
   7.3296598e+00  -3.3909245e-01   1.3462985e+01
   7.4815182e+00  -3.7883799e-01   1.4408675e+01
   7.6692041e+00  -3.4317753e-01   1.5574633e+01
  -1.3912776e+00   1.4570774e-01   3.5715885e+00
  -7.4284244e-01  -1.1449482e-01   7.3598180e+00
  -4.1047859e-01  -3.6015593e-01  -2.3376426e+00
   4.2831383e-01  -3.7198509e-01   1.5193583e+01
  -5.9483832e+00  -4.9338802e-01   2.2501150e+00
   5.9810701e-01  -2.9491012e-01   1.2921684e+01
   6.0367906e-01  -3.5001731e-01   1.1091026e+01
   5.3938305e-01  -3.8375674e-01   5.5874004e+00
   4.4142748e-01  -4.4259705e-01  -5.4502852e+00
  -5.8210654e+00  -5.3201637e-01  -1.7769755e+00
  -1.0313288e+00   1.5005631e-01   1.4977330e+01
   1.2320454e+00  -2.0527504e-01  -3.1720963e+00
  -1.0350833e+00   1.3485524e-01   1.3187686e+01
   1.6146745e+00  -2.9468505e-02  -7.9600409e-01
   2.8484458e+00   1.9720018e-02   6.5132246e-01
   1.1237463e+00  -1.5775218e-01   1.5078423e+01
   1.1855005e+00  -1.4352364e-01   1.5040194e+01
   4.2424161e-01  -4.1258405e-01   1.0646210e+01
   5.4515296e+00   1.2973601e-02   1.0518382e+01
   4.6661174e-01  -4.3241351e-01   8.3293269e+00
   1.1331740e+00  -2.1042095e-01   1.0740097e+01
   6.0731901e+00  -5.3471379e-02   2.9822609e+00
   6.1988701e+00  -9.2707642e-02   6.2927080e+00
   6.5535694e+00  -4.0033120e-01   1.6051077e+01
   7.0437755e+00  -3.7684817e-01   1.3736619e+01
   7.0123013e+00  -3.6558767e-01   8.0129165e+00
   1.9285959e+00  -4.0718780e-01   9.8729276e+00
   7.1355104e+00  -4.0647985e-01   7.7681376e+00
   7.2915917e+00  -4.0245405e-01   9.2316077e+00
   1.2695498e+00  -1.9132177e-01   3.6096509e+00
   2.3054087e+00  -8.4623673e-02   1.0224398e+01
   7.5783022e+00  -4.1991830e-01   7.2339496e+00
   1.9425249e+00  -3.7645426e-01   2.9573783e+00
   7.7988313e+00  -3.5159154e-01   2.5899774e+00
   1.2917712e+00  -4.1717258e-01  -4.6172780e+00
   3.6511554e+00  -4.7662974e-01   2.1714586e-01
   5.0372814e+00  -3.1974960e-01   1.5845197e+01
   4.9529566e+00  -3.5186064e-01   1.3788630e+01
   4.9934293e+00  -3.3435825e-01   1.4032175e+01
   5.0056764e+00  -3.8554586e-01   1.3022841e+01
   5.0073283e+00  -3.8275396e-01   1.1912933e+01
  -1.2900122e+00   1.0576328e-01   5.5459402e+00
  -8.3960918e-01  -1.4863957e-02   5.1768452e+00
   6.3200779e+00  -3.4979053e-01   1.6146493e+01
   6.4160450e+00  -4.4414601e-01   1.0623627e+01
   1.2742663e+00  -2.2483557e-01   5.9142911e+00
   6.5640182e+00  -3.2787518e-01   1.4658212e+01
   6.6362299e+00  -3.9688250e-01   1.1127585e+01
   1.2432054e+00  -3.6480638e-01  -2.4906106e+00
   1.1473197e+00  -1.8475687e-01  -5.6822704e+00
   6.6973226e+00  -3.2292767e-01   1.4678377e+01
   6.7485046e+00  -3.3576530e-01   1.6306923e+01
   1.6559562e+00  -3.7114513e-01   4.6375797e+00
   3.8493491e+00  -4.9718906e-01  -8.8979260e-01
   5.0393863e+00  -2.8590234e-01   1.3875530e+01
   6.2047709e+00  -1.5279571e-01   3.8127915e+00
  -1.3143340e+00   1.3620297e-01   1.4689929e+01
   6.8010543e+00  -4.0280865e-01   8.0104836e+00
  -7.5163604e-01  -3.3099371e-02   1.4206066e+01
   7.5359635e+00  -3.4383328e-01   1.3966774e+01
  -4.0395337e+00  -3.9101338e-01  -6.4836338e-01
  -7.2953448e-01  -7.9883037e-02   1.1931846e+01
  -8.1437932e-01  -4.6965279e-02   5.1888174e+00
   3.7143263e-01  -3.9627324e-01   9.4874535e+00
  -2.4036892e+00  -7.3316106e-02  -5.4428604e+00
  -1.5701114e+00   3.9317190e-01   9.1927281e+00
  -1.4776200e+00   1.8093381e-01   8.1888071e+00
  -7.2797889e-01  -1.3727457e-01  -4.0701168e+00
   5.3750821e-01  -3.8693981e-01   1.0967623e+01
   9.2625792e-01  -3.5975210e-01   1.4466107e+01
   7.0871328e-01  -3.7110518e-01  -2.8159900e+00
   3.6701823e+00  -4.8238264e-01   2.2414325e-01
   2.9694989e+00  -1.8705525e-01   1.4658448e+01
   5.0238154e+00  -4.0940086e-01   9.9389818e+00
   6.4226965e+00  -4.2317845e-01   1.1665223e+01
   7.5210219e+00  -3.5403673e-01   1.3950673e+01
  -1.8407214e+00  -5.3394269e-01   1.5475537e+00
  -1.0129736e+00   9.8355307e-02   1.5363024e+01
  -6.0848051e+00  -5.8886736e-01  -2.0072553e+00
   1.5891291e+00  -2.3674396e-01   1.5144609e+01
   1.5715966e+00  -3.2010997e-01   1.2134286e+00
  -1.8644126e+00  -4.0679747e-01   4.6962985e-01
   1.3039134e+00  -3.7283662e-01   9.1570489e+00
   4.8610483e+00  -4.7364944e-01  -1.2008843e+00
   6.0681271e+00  -1.0370358e-01   1.5223897e+01
   2.9914222e+00  -9.6396172e-01  -2.2668179e+00
   3.6871044e+00  -4.8203319e-01   2.1893886e-01
   1.8546522e+00  -1.7149533e-01   1.2507929e+01
   6.7519752e+00  -3.4268713e-01   1.4648126e+01
   2.9155124e+00  -1.8231372e-01   1.4600890e+01
   7.4502582e+00  -3.8049973e-01   1.4416773e+01
   6.0509451e+00  -9.7270208e-02   1.5238594e+01
   6.3830331e+00  -5.0468245e-01   1.2487484e+01
   5.1250677e-01  -4.0245455e-01   8.3681324e+00
   1.9920311e+00  -3.0329267e-01   1.5860077e+01
   1.6276452e+00  -3.2496498e-01   1.3838759e+01
   1.9022580e-01  -5.7329990e-01  -2.0775824e+00
   2.8062405e+00  -3.4210995e-01  -2.5372042e+00
   6.4075805e+00  -3.4739342e-01   1.2688050e+01
   6.4504616e+00  -3.8154584e-01   1.3745907e+01
   6.6196570e+00  -3.2337216e-01   1.4296661e+01
   6.9224822e+00  -3.2034551e-01   1.4447574e+01
   6.4449734e+00  -3.5782681e-01   1.2702182e+01
   7.6101007e+00  -3.6212884e-01   1.3533286e+01
   5.0998376e-01  -4.7130907e-01   5.5219949e+00
   8.8929133e-01  -2.8515725e-01   1.5880707e+01
   8.4911258e-01  -2.3918231e-01   1.5410022e+01
   7.2312514e+00  -4.1583977e-01   1.1455393e+01
  -1.4648862e+00   3.6085912e-02   1.5158311e+01
   1.6997954e+00  -1.9608726e-01  -9.5923908e-01
  -6.1245342e+00  -5.7509364e-01   1.8799005e+00
   5.0416367e+00  -2.8296069e-01   1.5785128e+01
   4.1746358e-02  -3.7265256e-01   6.1492750e+00
   1.8837403e+00  -3.6530208e-01   1.2083002e+01
   4.7447692e-02  -4.1787779e-01   3.7447223e+00
   2.8325362e+00  -3.1032959e-01   1.3709288e+01
   1.4267041e+00  -2.4031539e-01  -5.1941152e+00
   1.9298950e+00  -3.7021573e-01   1.1389982e+01
  -1.0178998e+00   2.7230197e-01   1.5072549e+01
  -1.4804460e+00   1.5045238e-01   1.0562494e+01
   3.1126023e+00  -5.9727324e-01  -6.0515562e+00
  -7.2891492e+00  -2.4051896e-01   7.6487693e-01
  -5.8490569e+00  -5.1396872e-01  -5.4826349e-01
   8.3145609e-01  -2.0997974e-01  -3.2828170e+00
  -5.8425661e+00  -5.1781281e-01  -7.9719490e-01
   1.4339738e+00  -2.6086337e-01  -5.7307302e+00
   1.9145644e+00  -4.2438121e-01   7.4818466e+00
   7.3566960e+00  -3.8010074e-01   8.3769542e+00
  -3.1794240e+00  -3.8501674e-02  -2.0198888e-01
  -3.4532850e+00   6.6211872e-03  -2.9966202e-01
   4.7988788e+00  -2.6061530e-01  -3.7863111e-01
   4.9926023e+00  -3.3376930e-01   1.3991311e+01
  -1.4902824e+00   1.1848170e-01   8.2417409e+00
  -5.5632524e+00  -4.1530952e-01   2.2696059e-01
   1.9239678e+00  -3.6274843e-01   2.8971404e+00
   3.8078500e-02  -4.7115884e-01   8.2948967e+00
   1.9001938e+00  -4.2582406e-01   1.4119414e+01
   7.6275091e+00  -4.1173067e-01   6.6056236e+00
  -5.8322832e+00  -5.4445653e-01  -1.8469032e+00
   1.0272672e+00  -3.5950341e-01   1.1752967e+01
   6.8368868e+00  -3.9431962e-01   8.3383068e+00
   3.1018453e+00  -3.6476776e-01  -2.8771005e+00
   6.8234001e+00  -4.4980781e-01   7.7972744e+00
  -1.4039414e+00  -8.0226507e-02   3.8246682e+00
   7.3854404e+00  -4.3040089e-01   7.3971714e+00
   6.3179051e+00  -3.3324533e-01   1.6068465e+01
   6.5725212e+00  -3.6946451e-01   1.2036660e+01
   1.5882856e+00  -2.0743063e-01  -5.3017459e+00
   4.1289431e+00  -3.0198777e-01  -6.1034587e+00
  -4.9613547e+00  -3.7216407e-01  -2.3679018e-01
   2.6927976e-01  -3.7480043e-01   8.3419732e+00
  -2.0029743e+00  -5.3438364e-01   1.7886002e+00
   3.8884287e-01  -3.8545435e-01   5.7595631e+00
   7.1530819e+00  -3.9022439e-01   7.3301876e+00
   4.8902781e-01  -3.3921980e-01   1.4808327e+01
   1.8218005e+00  -3.1089306e-01   1.4541045e+01
   1.2840707e+00  -3.5143522e-01   1.4360266e+01
   3.5072938e-01  -3.2644179e-01  -3.0781862e+00
   1.6222057e+00  -1.8050210e-01   1.0212133e+01
   5.9095434e-01  -3.5017625e-01  -5.9815508e+00
   1.0158057e+00  -3.4740601e-01  -6.6486388e+00
   1.6753570e+00  -2.6984782e-01   1.0522982e+01
   7.4855781e-01  -3.9496197e-01   6.6251557e+00
   9.4397841e-01  -3.7736713e-01  -3.9580488e+00
   1.0141708e+00  -3.9993722e-01   6.7765222e+00
  -5.9328726e-01  -1.3943310e-01   2.6540649e-01
   9.4772681e-01  -3.7785161e-01   1.4494730e+01
  -6.2027946e-01  -4.9743727e-02  -6.2242977e+00
   4.8902289e-01  -3.4094973e-01  -5.1498272e+00
   1.5294262e+00  -3.9391693e-01  -4.6361982e+00
   6.0984945e+00  -2.2441677e-01  -8.8163498e-01
  -2.0765394e+00  -4.2196394e-02   2.5258785e+00
  -5.2718064e+00  -4.1412483e-01  -1.1520992e+00
  -2.1392167e+00  -3.8642047e-01  -3.6934627e-01
  -2.0919567e+00  -4.5819013e-01  -9.7085409e-02
   1.8441954e+00  -3.8026321e-01   9.9945125e+00
   1.2760735e+00  -2.0565860e-01   1.2927854e+01
   5.0241543e+00  -2.2234358e-01   1.5066483e+01
   5.0519578e+00  -2.8726140e-01   1.1029617e+01
   5.0569717e+00  -2.8053754e-01   1.0148189e+01
   6.6132181e+00  -3.2991926e-01   1.4590968e+01
   4.7832028e+00  -4.3412589e-01  -1.0483962e+00
   1.8337321e+00  -3.2439944e-01   3.0993958e+00
   5.9265852e+00   5.3595807e-03   6.4084132e+00
   1.9182850e+00  -4.7624207e-01   9.5151522e+00
   6.8177305e+00  -3.4806748e-01   1.3983917e+01
   6.6258527e+00  -3.2948290e-01   1.4331829e+01
   5.0517058e+00  -2.6381217e-01   8.8877324e+00
   2.9724746e-01  -3.6488287e-01   1.3056449e+01
   1.8146681e+00  -2.9161267e-01  -1.7994673e+00
   4.2584049e+00  -2.9263656e-01   1.5063308e+01
   2.3987554e+00  -9.1558048e-02   7.8563097e+00
   4.4424475e+00  -3.7516681e-01  -2.5718126e-01
   6.2347850e+00  -2.7219178e-01   8.0182199e+00
   4.1563964e+00  -3.0792748e-01   1.5149016e+01
   4.6855178e+00  -3.1501479e-01   1.4903799e+01
   1.3286250e+00  -2.5624024e-01   5.8692387e+00
   6.5274651e-01  -3.7498382e-01   1.1799609e+01
   4.4372142e+00  -2.9494139e-01   1.4961192e+01
   1.1974609e+00  -3.7841295e-01   9.1510721e+00
   1.1667349e+00  -4.0489949e-01   9.1284169e+00
   2.5895084e+00  -3.0517117e-02  -5.9786125e+00
   5.5774064e+00   2.7885322e-02   1.3336842e+01
   6.2698285e+00  -4.5967921e-01   1.4750368e+01
   4.3310286e+00  -3.0460797e-01   1.5017018e+01
   6.5684909e+00  -3.3558973e-01   1.4117269e+01
  -1.6463523e+00  -3.7779461e-01   4.9498988e-01
   2.3499177e+00  -4.6356143e-01  -3.2917518e+00
   5.5687129e+00   1.2781131e-02   1.3557782e+01
   3.0158070e+00  -3.9570610e-01   1.1882781e+01
   4.8574181e-01  -3.7527173e-01   3.3698813e+00
  -1.2545357e+00  -3.8608631e-01   8.6619409e-01
   9.8423832e-01  -4.2177903e-01  -2.5106960e+00
  -8.6663345e-01  -3.9388906e-01   1.1641138e+00
   1.2790665e+00  -2.3264498e-01  -5.5802740e+00
   5.1522021e+00  -3.2448672e-01   1.4903130e+01
   4.1549704e+00  -5.3290348e-01  -1.4016486e+00
   5.1966165e+00  -3.8218496e-01   1.1894786e+01
   5.2564306e+00  -3.6733353e-01   1.3009012e+01
  -7.4222495e+00  -2.2125837e-01   8.4545030e-01
   6.2704435e+00  -3.6402403e-01   6.6697865e+00
   5.4869845e+00  -3.5520087e-01  -4.3884213e+00
   3.3769265e+00  -3.8176628e-01  -2.4285968e+00
   1.8473663e+00  -3.6425396e-01   1.3701595e+01
   6.4884811e+00  -3.6568135e-01   1.2294817e+01
  -7.6852414e-01  -2.7395784e-02   1.4273667e+01
   1.7201130e+00  -2.6993358e-01  -5.4830496e+00
   1.1704788e+00  -3.1175238e-01   1.1023649e+01
   6.1890912e+00  -3.1221718e-01   1.4645256e+01
   7.0133971e+00  -3.3689831e-01   1.4334016e+01
   1.3266933e+00  -2.2272009e-01   1.2803622e+01
   3.1880774e+00  -3.4228900e-01  -2.4647718e+00
   1.3486815e+00  -2.5324147e-01   3.6126461e+00
   6.7126376e+00  -4.1802867e-01   8.4274819e+00
   4.2557025e+00  -3.6655074e-01   7.4080209e+00
  -1.1898996e+00   8.0007179e-02   1.5147296e+01
  -1.1021788e+00   1.0452205e-01   6.4170984e+00
   3.0866607e+00  -3.9435114e-01   1.4832799e+01
   2.4152665e+00  -7.0879341e-02   7.8576129e+00
  -1.2618861e+00   1.0234213e-01   5.5496252e+00
   1.2502048e+00  -3.0145176e-01  -3.3600077e+00
   4.8352439e+00  -3.5015479e-01   6.2018867e+00
  -1.6337183e+00   9.2099361e-02   1.0609915e+01
  -2.0872520e-01  -9.6540057e-02  -1.3238555e-01
   5.1126835e+00  -3.7691194e-01   1.1836290e+01
   7.4050695e+00  -3.8761382e-01   1.1412840e+01
  -1.5459913e+00   9.4946787e-02   1.0270046e+01
  -1.3653811e+00   1.3935394e-01   1.0604383e+01
  -1.3629110e+00   1.0751929e-01   8.3165854e+00
   1.1203689e+00  -1.5795160e-01   1.5030309e+01
   4.8110513e+00  -2.7540387e-01  -5.6774505e+00
   6.7902866e-01  -2.3770477e-01   1.2920544e+01
  -4.4420781e+00  -1.2923483e-01   2.4039052e-01
   4.9619011e+00  -3.8252733e-01   1.0963673e+01
  -1.1045424e+00   1.2743256e-01   6.0050582e+00
  -1.5893295e+00   4.0246271e-01   6.9966561e+00
   6.5197465e+00  -4.1666763e-01   1.2286905e+01
   1.0764611e+00  -2.0228370e-01   1.3091619e+01
   3.8833587e-01  -3.5952729e-01   9.4603329e+00
  -4.8817392e-02  -5.3911586e-01   5.5853245e+00
   4.9294667e+00  -3.1655150e-01   1.5745572e+01
  -4.6565165e+00  -3.8321818e-01  -4.1956152e-01
  -1.9132759e+00   6.5087600e-01   9.5840320e+00
   5.0842744e+00   1.5631941e-03  -3.7038598e-01
  -3.9077145e+00  -1.9396482e-01   2.5193978e-01
   6.6229823e+00  -3.3538896e-01   1.4040874e+01
  -5.8351086e+00  -4.5910137e-01   2.3061785e+00
   7.0323314e-01  -3.5926856e-01   1.4074494e+01
   3.0719157e+00  -2.7888226e-01   1.1188536e+01
  -5.8078094e+00  -2.9961008e-01   2.5086252e+00
   2.7316052e+00  -1.2773753e-02   1.2700579e+01
   3.1694744e+00  -5.3924542e-01  -1.9351564e+00
   6.4432911e+00  -4.3767746e-01   1.1949373e+01
   6.7231454e+00  -3.2108138e-01   1.4331470e+01
   6.9214921e+00  -3.3131561e-01   1.3965820e+01
  -7.7548995e-02  -4.5315682e-01   1.0356017e+01
   3.0791731e+00  -3.3093585e-01   9.0525895e+00
   9.5570900e-01  -1.8690838e-01   1.5261864e+01
  -3.8765498e-02  -5.6622607e-01   1.4084527e+01
  -3.3207804e-02  -4.6312502e-01  -5.3826710e+00
   4.5274593e+00  -2.7887656e-01   1.5625258e+01
   1.5895586e+00  -3.1166366e-01   1.3596730e+01
   7.7860242e+00  -2.0938109e-01   1.0283255e+01
   1.3142047e+00  -3.0892922e-01   1.0185388e+01
   2.4132809e+00  -4.4037611e-02   1.2703226e+01
   6.8026985e+00  -3.4875274e-01   1.3874779e+01
   3.1065212e+00  -4.2868310e-01   9.7750275e+00
   4.1032500e+00  -2.9154142e-01   1.6623456e+01
   4.9495270e+00  -3.7284413e-01   8.8571554e+00
   6.6649264e+00  -3.4501994e-01   1.3726656e+01
  -5.1910459e+00  -3.6042824e-01   1.2717644e-01
  -4.0251091e+00  -1.8704517e-01  -3.9462261e-01
  -5.0258889e+00  -3.5964088e-01  -1.2904367e-01
   3.0282395e+00  -8.6099307e-02   1.0208267e+01
   7.0219995e+00  -3.8344351e-01   1.1651981e+01
  -7.4668691e-02  -4.5468145e-01   1.1900273e+01
  -1.6023921e+00   6.5411572e-02   1.2897003e+01
  -1.7264742e+00   9.6092024e-02   1.2876770e+01
  -1.0900917e+00   1.2751986e-01   1.5154692e+01
   4.0105482e+00  -2.9588956e-01   1.5489965e+01
  -1.0565637e+00   1.1158094e-01   3.2468851e+00
  -1.1033927e+00   8.3328458e-02   3.2752318e+00
   8.6829033e-02  -3.5050636e-01   1.6121891e+01
  -9.4371057e-01  -1.2848859e-01   1.6767174e+01
  -7.1446412e+00  -2.5553542e-01   8.1514480e-01
   5.3388793e-02  -4.3331889e-01   8.4383394e+00
   6.5064185e+00  -3.9404619e-01   1.1497095e+01
   7.0646864e+00  -4.0311035e-01   1.1461016e+01
   2.0038302e+00  -4.7626544e-03   1.3055596e+01
  -2.0729097e+00  -5.0895825e-01  -9.1107323e-01
  -7.2720213e-01  -6.7583135e-02   8.2599346e+00
   9.4038954e-02  -4.1217908e-01   1.0762129e+01
   3.2166807e-01  -3.8593760e-01   8.3183940e+00
   1.7988254e+00  -4.2753415e-01   5.1231127e+00
   3.0249742e+00  -3.9266027e-01   7.6274854e+00
   4.5865297e+00  -1.6933191e-01   6.4389656e+00
   6.2055976e+00  -6.0166216e-01   2.3721850e+00
   6.6730431e+00  -3.6111540e-01   1.1943536e+01
  -1.0123363e+00   1.2365541e-01   1.4843412e+01
   1.0811700e+00  -1.4720717e-01   1.5005900e+01
   1.2259168e+00  -2.1066296e-01   1.3070800e+01
   3.0066663e+00  -1.5840109e-01   3.2648516e+00
   6.3768323e+00  -3.4649400e-01   1.6037094e+01
   4.9547985e+00  -3.3106274e-01   9.3791230e-01
   6.0973081e+00  -5.9133464e-01   2.3044476e+00
   7.2175589e+00  -3.5316286e-01   1.3837776e+01
   6.1941463e+00  -3.9195159e-02   1.5168312e+01
  -1.1705546e+00  -5.4224203e-01   8.8667502e-01
   1.2897834e+00  -2.0908514e-01   8.4183552e+00
   1.0898062e+00  -2.5450146e-01   1.5538097e+01
   1.8736925e+00  -2.1892545e-01  -3.2392439e+00
  -1.0105234e+00   1.3001654e-01   3.0978997e+00
   3.2234502e+00  -4.9513690e-01   2.6053550e+00
   5.0677420e+00  -3.5770966e-01   1.1811902e+01
   5.0463424e+00  -3.5233648e-01   4.4963087e+00
   5.1758490e+00  -6.2746727e-01   1.7029256e+00
   6.1808183e+00  -5.8115305e-02   3.8268349e+00
   6.3954074e+00  -3.7967614e-01   1.2373038e+01
   7.2091494e+00  -3.3179396e-01   1.4419009e+01
  -4.4687693e+00  -1.4184378e-01   3.6272392e-01
  -4.9978851e-01   4.4335930e-03   8.9131530e-03
  -1.3946237e-01  -8.8720338e-02   4.5015751e-01
  -1.5597210e-01  -7.3400323e-02  -5.6628283e-02
   6.1225715e-01  -2.8916231e-01   1.5184350e+01
   1.3813680e+00  -2.9746573e-01   1.5665089e+01
   1.3024385e+00  -2.3117669e-01   8.2465837e+00
   1.7865659e+00  -2.0374146e-01   1.5324628e+01
   1.9371858e+00  -3.9084857e-01   7.5446666e+00
   1.7031250e+00  -2.4328483e-01  -1.1150310e+00
   3.1931446e+00  -4.9592928e-01  -1.1341575e+00
   3.9213344e+00  -3.2367637e-01   1.5409913e+01
   4.9056433e+00  -3.4123444e-01   8.7272637e-01
   5.0174731e+00  -2.6444232e-01  -3.9095020e+00
   4.9297055e+00  -3.6924937e-01   7.0792750e+00
   6.4182066e+00  -4.0730620e-01   1.2941042e+01
   6.6365125e+00  -3.7771223e-01   1.6117227e+01
   6.4032059e+00  -4.3850432e-01   6.0634263e+00
   7.1103796e+00  -3.4821143e-01   1.4450830e+01
   6.5600260e+00  -4.4846669e-01   8.4614602e+00
   6.5886396e+00  -3.7575575e-01   8.3695787e+00
  -1.3120283e+00   9.9595283e-02   5.5464590e+00
   7.3677716e-01  -3.9623362e-01   1.1208580e+01
   7.0429046e-01  -4.2577060e-01   5.4740148e+00
   7.0329404e-01  -3.2554496e-01   1.4611479e+01
   1.2685368e+00  -1.8767013e-01   1.5306538e+01
   6.4007186e+00  -3.2089459e-01   1.4299491e+01
   1.2112537e+00  -1.9041988e-01  -3.3937651e+00
   1.4906226e+00  -2.1522659e-01  -2.3376757e-01
   4.5192506e+00  -1.1274618e-01   1.3159981e-02
   6.2085521e+00  -3.8409641e-01   2.6025845e+00
   6.9548820e+00  -3.9103339e-01   8.4455209e+00
   6.9712230e+00  -3.8993891e-01   7.2457587e+00
   7.0894405e+00  -3.8858711e-01   7.3895281e+00
   5.0791387e-01  -3.6902287e-01   8.3529896e+00
   9.3465576e-01  -4.0944058e-01   5.3071428e+00
   1.9398810e+00  -4.2613736e-01   7.5111982e+00
   1.9839365e+00  -3.1324862e-01   1.3618037e+01
   1.3979212e+00  -2.8664117e-01   6.3244050e+00
   1.3669596e+00  -2.0434713e-01  -3.0099736e+00
   4.6928795e+00  -3.0130274e-01   1.5951178e+01
   6.8677414e+00  -5.7658082e-01   1.8985195e+00
   7.6955982e+00  -4.1361968e-01   6.9998170e+00
  -1.0152586e+00   8.7323404e-02   1.4928087e+01
  -1.4721359e+00  -3.9027343e-01  -3.0236181e-01
   5.1378642e-01  -3.1475369e-01   1.2977508e+01
   0.0000000e+00   0.0000000e+00   0.0000000e+00
   7.5186415e+00  -3.7749677e-01   7.5844723e+00
   7.6847024e+00  -3.7446314e-01   6.9630297e+00
   6.3950439e+00  -4.0816256e-01   1.2870343e+01
   6.8815206e+00  -3.5433283e-01   1.1685427e+01
   1.1711048e-01  -4.6113040e-01   2.5915415e+00
   3.1287121e+00  -4.2730843e-01   2.5821539e+00
   1.2771166e-01  -4.9518253e-01   3.0594758e+00
   8.0112790e-02  -4.8514105e-01  -2.1673144e+00
   9.0063640e-02  -4.5235488e-01  -2.2880283e+00
  -4.2102270e-01   5.3687293e-03  -1.0644546e-01
   1.4625000e+00  -2.7249801e-01   6.3670798e+00
   6.7855087e-02  -4.5869085e-01   2.7459818e+00
   3.2619431e-02  -4.1135941e-01   1.5194087e+01
   6.1368059e-02  -4.3469037e-01   5.6151007e+00
   1.8094844e+00  -1.9219024e-01   3.4139698e+00
  -4.9889883e+00  -4.2109945e-01   7.5122652e-01
   1.9198914e+00  -3.6452520e-01   1.3693986e+01
  -1.2425572e+00   5.3484067e-02   1.0301060e+01
  -5.8786932e+00  -5.3265620e-01   1.5648194e+00
   8.8639292e-02  -3.6465113e-01   1.5857218e+01
   6.6160626e+00  -4.0357585e-01   8.3886476e+00
   6.6857328e+00  -3.7404365e-01   7.2758307e+00
   6.3551831e+00  -3.4918824e-01   8.3227444e+00
   6.4921784e+00  -3.8691634e-01   7.6767877e+00
   6.9839220e+00  -2.9962694e-01   1.4440035e+01
   6.5371687e+00  -3.7286445e-01   7.4247153e+00
  -2.0292269e+00  -4.0198850e-01   1.1121206e+00
   2.7968105e-01  -4.2007631e-01   1.2954481e+01
   2.6608990e-01  -3.8125366e-01   6.0573820e+00
   3.1834964e+00  -5.1709717e-01   9.6133232e+00
   7.9551799e-01  -3.6690914e-01   1.0001800e+01
   1.7855056e+00  -2.8733681e-01  -3.9148728e+00
   1.2275702e+00  -4.1151932e-01   9.8168145e+00
   6.3036379e+00  -4.0395700e-01   2.2974516e+00
   3.3864042e-01  -3.5610514e-01  -3.4907307e+00
   7.2162337e-01  -3.6102838e-01   1.4629442e+01
  -1.3000552e-01  -5.5711866e-01   1.4020041e+01
   6.1263486e-01  -3.8533851e-01   1.0152964e+01
   1.0215910e+00  -3.8627374e-01   3.0006448e+00
   3.1374101e+00  -5.9620615e-01  -3.6139425e+00
   1.2516082e+00  -4.0079948e-01   9.1820952e+00
   3.2513537e+00  -5.3210928e-01  -1.2191259e+00
   9.0780047e-01  -3.0859609e-01   1.5867852e+01
   5.2226875e-01  -3.5604329e-01  -2.8771025e+00
   6.2999823e-01  -4.1525134e-01   5.5413515e+00
   9.5100769e-01  -3.8465320e-01   5.3064989e+00
   6.7312956e-01  -3.5062951e-01  -5.0026934e+00
   1.2547775e+00  -3.5521683e-01  -2.4725934e+00
  -1.8304825e+00  -4.3201280e-01  -1.2235035e+00
   4.9879061e-01  -3.7686690e-01   6.4043177e+00
   1.2486541e+00  -4.0025799e-01   1.2107049e+01
   7.6603351e-01  -3.6609292e-01  -2.6898375e+00
   9.4166880e-01  -3.6270957e-01  -4.8277244e+00
   3.8346600e+00  -4.5979572e-01  -7.0032093e-01
   8.6502297e-01  -3.5829839e-01   1.2259973e+01
  -3.9413100e+00  -3.7560800e-01  -6.7065041e-01
   1.2822580e+00  -3.8145124e-01  -4.6873892e+00
  -7.8761167e-01  -6.5786114e-02   7.4317814e+00
  -7.5669526e-01  -2.9671269e-02   1.6124698e+01
   4.5973003e+00  -3.4972999e-01   7.4745643e-01
   2.9704238e+00  -2.4623116e-01   8.3385195e+00
   5.5558696e+00  -1.2581259e-02   3.0100321e+00
   4.2808440e+00  -3.9675326e-01   9.8547228e+00
   1.3384037e+00  -2.3228253e-01   1.0591671e+01
  -4.3700598e+00  -1.9135407e-01   1.1044164e-01
   1.3114018e+00  -1.9493152e-01   1.2857397e+01
   4.9411059e+00  -4.2309119e-01   7.8463642e+00
   6.1872126e+00  -2.7295749e-01   1.5765549e+01
   4.2723209e+00  -3.5779887e-01   1.2229922e+01
   1.8427374e+00  -3.5345223e-01  -4.3315760e+00
   6.0639581e+00  -4.4464862e-01  -4.4362473e+00
   7.4413356e+00  -3.8297264e-01   8.4515748e+00
  -4.2350231e+00  -3.7470978e-01   1.0887275e+00
   1.7796372e+00  -2.4456721e-01   6.0240282e+00
   1.8267529e+00  -2.5692724e-01   3.7287749e+00
   5.1330788e+00  -3.9512095e-01   4.5267976e+00
   5.4838417e+00  -2.4858143e-01  -3.9229082e+00
   7.2813708e+00  -4.0107805e-01   7.3235499e+00
   2.4759468e-01  -5.8235575e-01   1.0183992e+01
   3.8826597e+00  -3.4533755e-01   9.7475219e-02
   6.6728449e+00  -3.8924502e-01   1.1889389e+01
   7.0315561e+00  -3.8181391e-01   7.1768610e+00
  -1.2353693e+00   1.0561987e-01   1.1005286e+01
  -1.1109728e+00   1.0625775e-01   8.3083039e+00
   2.1028425e-01  -3.7785965e-01   1.5630827e+01
   1.2884774e+00  -2.5839771e-01   1.5604244e+01
   6.5209560e+00  -4.1807417e-01   9.9279444e+00
   6.5985739e+00  -3.8022196e-01   9.8144156e+00
  -1.1190524e+00   8.9009807e-02   8.7343969e+00
  -1.8870266e+00   4.4195772e-02   8.3062946e+00
  -1.3485594e+00   1.4138773e-01   3.7085053e+00
   7.0380644e-01  -2.9451131e-01   3.7213584e+00
   5.4598295e+00  -3.1304110e-01   8.9043529e+00
   7.2961557e+00  -3.8585377e-01   9.3016232e+00
   4.5655634e+00  -3.1014665e-01   1.3744082e+01
  -5.6704871e-01  -1.5218306e-01   4.6160018e-01
   7.5674826e+00  -4.0631084e-01   7.1214881e+00
   8.5256249e-01  -2.9891953e-01   5.7881044e+00
  -2.0656046e+00  -4.3305454e-01  -1.4250080e+00
   6.7458580e+00  -3.8457953e-01   9.3897832e+00
   4.8699959e+00  -2.9759274e-01   1.6426664e+01
   7.9788327e-02  -4.5337791e-01   6.4322404e+00
   3.5902009e-01  -3.8415513e-01   1.0104930e+01
   1.9961448e+00  -3.8038305e-01   2.5609250e+00
   1.9044039e+00  -2.2268526e-01  -3.7773575e+00
   7.0360040e+00  -3.3845976e-01   1.4493288e+01
  -5.0157141e+00  -3.8043630e-01  -1.7905290e-01
  -1.9426919e+00  -4.2585041e-01  -1.0868153e+00
   5.0465050e+00  -3.5159478e-01   1.3949256e+01
   6.8702014e+00  -3.4661326e-01   1.4650465e+01
  -5.0596230e+00  -3.7980548e-01   5.9913457e-01
   1.8633790e+00  -1.7646682e-01   1.0132336e+01
   3.2173493e+00  -6.2861223e-01   1.9013002e+00
   1.1853473e+00  -1.9167702e-01   1.2754767e+01
   1.2735832e+00  -2.1460765e-01   1.0532324e+01
   1.0154932e+00  -1.8339842e-01   3.5523484e+00
   3.1366854e-02  -5.0184598e-01   2.5263935e+00
   6.4753192e+00  -3.6093616e-01   1.2980878e+01
   6.3944906e+00  -3.3743471e-01   1.5310982e+01
  -3.9335687e-01  -8.2777051e-02   4.4555450e-01
   1.4545633e+00  -2.3804587e-01   1.2683962e+01
  -4.1554839e+00  -1.6255706e-01   2.3497942e-01
   6.3181294e+00  -2.8686716e-01   3.1496720e+00
   2.6376905e-01  -3.6187683e-01   2.5640197e+00
   6.7345474e+00  -3.8792623e-01   8.5826784e+00
   4.7330113e-01  -3.5615702e-01   4.0865069e+00
   2.4769974e-01  -3.0191071e-01   1.5168696e+01
   2.4234161e-01  -3.5637599e-01   1.2889432e+01
   2.6100468e-01  -3.4304114e-01   3.7377831e+00
  -1.9731745e+00  -5.5364505e-01  -1.5050993e+00
   1.3271604e+00  -2.5364811e-01   5.9603013e+00
   1.9106520e-01  -4.0788713e-01   8.0781415e+00
   3.5245424e-01  -3.4527835e-01   6.4385719e+00
   6.7855464e+00  -3.9067526e-01   1.1855223e+01
   4.0141242e-01  -3.9386826e-01   1.0193862e+01
  -5.1376989e+00  -3.2964183e-01   4.4303427e-01
   2.7219792e-01  -3.6798567e-01   1.2176359e+01
  -1.0876056e+00   1.1111895e-01   3.7102902e+00
  -5.1947497e-02  -5.0268579e-01   4.4241222e+00
  -1.9414047e+00  -3.9627497e-01   1.2472871e+00
   3.2194380e+00  -3.4977742e-01   2.7631986e+00
  -1.4865839e+00  -3.8518132e-01  -2.7003219e-01
  -1.5150155e+00  -4.0613017e-01  -2.1699731e-01
  -5.1210291e+00   2.3180513e+00   4.7858156e+00
  -5.1093782e+00   2.3251159e+00   7.0422987e+00
  -5.1190563e+00   2.3266479e+00   9.5052990e+00
  -8.7819859e+00   2.2730417e-01  -6.9131352e-01
  -7.5255717e+00   1.3336028e+00   2.2245624e+00
  -7.5693976e+00   2.9930159e+00   2.2060955e+00
  -8.8323530e+00   3.6733124e+00   1.8051252e+00
  -8.8055420e+00   2.4397665e-01   1.2916616e+00
  -6.2732723e+00   3.9844041e+00   2.7154110e+00
  -3.1976730e+00   1.3654245e+00   3.1938967e+00
  -3.6905286e+00   1.6736577e+00   7.6220530e+00
  -3.1100890e+00   1.3468861e+00   1.0997871e+01
  -2.6531526e+00   1.0856941e+00   3.7612187e+00
  -2.5819850e+00  -6.0815926e-02   6.0312987e+00
  -2.4459901e+00  -6.6755301e-03   1.2898221e+01
  -2.4358835e+00  -9.7782950e-03   1.5150211e+01
