       0       -1      -1      0       -1
       -1      -1      -1      1       0
       1       -1      -1      2       -1
       -1      0       0       -1      -1
       -1      1       1       -1      -1
       -1      -1      -1      3       1
       -1      -1      -1      4       2
       2       -1      -1      5       -1
       -1      -1      -1      6       3
       3       2       -1      -1      -1
       4       -1      -1      7       -1
       -1      -1      -1      8       4
       -1      -1      -1      9       5
       -1      -1      -1     10       6
       -1      -1      -1     11       7
       6       -1      -1     12       -1
       -1      -1      -1     14       8
       -1      -1      -1     15       9
       -1      -1      -1     17      11
       -1      -1      -1     18      12
       -1      -1      -1     20      14
       -1      4       -1     21       -1
       -1      -1      -1     22      15
       -1      5       4       -1      -1
       -1      -1      -1     23      16
       -1      -1      -1     24      17
       -1      -1      -1     25      18
       -1      6       5       -1      -1
       -1      -1      -1     26      19
       -1      -1      -1     28      21
       8       -1      -1     29       -1
       -1      -1      -1     30      22
       -1      -1      -1     31      23
      10       -1      -1     32       -1
      11       -1      -1     33       -1
       -1      -1      -1     34      24
       -1      -1      -1     36      25
       -1      -1      -1     38      26
       -1      -1      -1     39      27
       -1     10       -1     41       -1
       -1     11       8       -1      -1
      15       -1      -1     42       -1
      16       -1      -1     43       -1
       -1      -1      -1     44      28
      17       -1      -1     45       -1
       -1      -1      -1     46      29
       -1     13       9       -1      -1
      19       -1      -1     47       -1
      21       -1      -1     48       -1
      22      15       -1      -1      -1
       -1      -1      -1     49      30
      23       -1      -1     50       -1
       -1      -1      -1     52      31
       -1      -1      -1     53      32
       -1      -1      -1     54      33
       -1     17       -1     55       -1
       -1      -1      -1     56      34
       -1     20      10       -1      -1
       -1     21      11       -1      -1
       -1      -1      -1     59      36
       -1      -1      -1     60      37
      29      22       -1      -1      -1
      30      23       -1      -1      -1
      31       -1      -1     62       -1
       -1      -1      -1     63      39
       -1     24      12       -1      -1
      32       -1      -1      -1     40
      34      25       -1      -1      -1
      35      26       -1      -1      -1
      36       -1      -1     65       -1
       -1      -1      -1     66      41
      37      27       -1      -1      -1
      38      28       -1      -1      -1
       -1      -1      -1     67      42
       -1      -1      -1     68      43
       -1     30       -1     69       -1
       -1      -1      -1     70      44
      40       -1      -1     71       -1
       -1     31      13       -1      -1
      41      32       -1      -1      -1
      42      33       -1      -1      -1
       -1     34      14       -1      -1
       -1     35      15       -1      -1
      43      36       -1      -1      -1
       -1     37      16       -1      -1
       -1      -1      -1     72      45
       -1     38      17       -1      -1
      44       -1      -1     73       -1
      45      39       -1      -1      -1
       -1     40      18       -1      -1
      46       -1      -1     74       -1
       -1      -1     19      75       -1
      47      41       -1      -1      -1
      48       -1      -1     76       -1
      49       -1      -1     77       -1
      50      42       -1      -1      -1
      51       -1      -1     78       -1
      52      43       -1      -1      -1
      53       -1      -1     79       -1
       -1      -1      -1     80      46
       -1     44      20       -1      -1
       -1     45      21       -1      -1
      54       -1      -1     81       -1
      55      46       -1      -1      -1
      56       -1      -1     82       -1
      57       -1      -1     83       -1
       -1     47      22       -1      -1
       -1      -1      -1     85      48
       -1     48       -1     86       -1
       -1     49      23       -1      -1
      58       -1      -1     87       -1
      59       -1      -1     88       -1
      60       -1     24       -1      -1
      61       -1      -1     89       -1
      62       -1      -1     90       -1
       -1      -1      -1     91      49
       -1      -1      -1     92      50
       -1      -1      -1     93      51
       -1      -1      -1     94      52
       -1      -1      -1     95      53
       -1     50      26       -1      -1
       -1      -1      -1     96      54
      64       -1      -1     97       -1
      65       -1      -1     98       -1
      66       -1      -1     99       -1
       -1     51      27       -1      -1
      67       -1     28       -1      -1
       -1      -1      -1    101      56
      68       -1      -1    102       -1
       -1      -1      -1    103      57
       -1      -1      -1    104      58
       -1      -1      -1    105      59
       -1      -1      -1    106      60
       -1      -1      -1    107      61
      69       -1      -1    108       -1
      70       -1      -1    110       -1
       -1     53      29       -1      -1
      71       -1      -1    111       -1
      72       -1      -1    112       -1
       -1     54      30       -1      -1
      73      55       -1      -1      -1
       -1      -1      -1    113      62
       -1      -1      -1    114      63
      74      56       -1      -1      -1
      75      57       -1      -1      -1
      76      58       -1      -1      -1
       -1      -1      -1    115      64
      77      59       -1      -1      -1
      78       -1      -1    116       -1
       -1     60      31       -1      -1
       -1      -1      -1    118      66
      79       -1      -1    119       -1
      80      61       -1      -1      -1
       -1      -1      -1    121      67
      81       -1      -1    122       -1
       -1     62      33       -1      -1
       -1      -1      -1    123      68
       -1      -1      -1    124      69
       -1      -1      -1    125      70
       -1      -1      -1    126      71
      82       -1      -1    127       -1
       -1     64      35       -1      -1
      83       -1      -1    128       -1
       -1      -1      -1    129      72
      84       -1      -1    130       -1
       -1      -1      -1    131      73
      85       -1      -1    132       -1
      86       -1      -1    133       -1
      87       -1      -1    134       -1
       -1      -1      -1    135      74
       -1      -1      -1    136      75
       -1      -1      -1    137      76
      88       -1      -1    138       -1
       -1      -1      -1    139      77
       -1      -1      -1    140      78
       -1      -1      -1    141      79
      89       -1      -1    142       -1
       -1      -1      -1    143      80
       -1      -1      -1    144      81
       -1     66      37       -1      -1
      90       -1      -1    145       -1
       -1      -1      -1    146      82
      91       -1     38       -1      -1
      92       -1      -1    147       -1
      93       -1      -1    148       -1
      94       -1      -1    149       -1
       -1      -1      -1    150      83
       -1      -1      -1    151      84
       -1     67      39       -1      -1
      95       -1      -1    152       -1
       -1     68      40       -1      -1
       -1      -1      -1    153      85
      96       -1      -1    154       -1
      97       -1      -1    155       -1
       -1      -1      -1    156      86
       -1     69      41       -1      -1
       -1      -1      -1    157      87
       -1      -1      -1    158      88
       -1      -1      -1    159      89
      98       -1     42       -1      -1
      99       -1      -1    160       -1
     100       -1      -1    161       -1
     101       -1      -1    162       -1
     102      70       -1      -1      -1
       -1      -1      -1    163      90
     103      71       -1      -1      -1
     104       -1      -1    164       -1
       -1     72      43       -1      -1
       -1      -1      -1    165      91
       -1     73      44       -1      -1
     105       -1      -1    166       -1
       -1     74      45       -1      -1
       -1     75      46       -1      -1
     106      76       -1      -1      -1
       -1     77      47       -1      -1
     107       -1      -1    168       -1
     108       -1      -1    169       -1
     109       -1     48       -1      -1
     110       -1      -1    170       -1
     111       -1     49       -1      -1
       -1     78      50       -1      -1
     112       -1      -1    171       -1
       -1      -1      -1    172      93
       -1      -1      -1    173      94
       -1      -1      -1    174      95
       -1     79      51       -1      -1
       -1     80      52       -1      -1
     113       -1      -1    175       -1
       -1      -1      -1    176      96
     114      81       -1      -1      -1
     115       -1      -1    177       -1
       -1     82      53       -1      -1
     116      83       -1      -1      -1
     117      84       -1      -1      -1
     118      85       -1      -1      -1
       -1     86      54       -1      -1
       -1     87      55       -1      -1
       -1     88      56       -1      -1
       -1      -1      -1    178      97
       -1     89      57       -1      -1
     119       -1      -1    179       -1
       -1     90      58       -1      -1
     120       -1      -1    180       -1
     122      91       -1      -1      -1
       -1      -1      -1    182      98
     123       -1      -1    183       -1
       -1     92      59       -1      -1
       -1     93      60       -1      -1
       -1      -1      -1    184      99
     124      94       -1      -1      -1
     125      95       -1      -1      -1
       -1      -1      -1    185     100
       -1      -1      -1    186     101
       -1      -1      -1    187     102
     126       -1      -1    188       -1
       -1      -1      -1    189     103
     127       -1      -1    190       -1
       -1      -1      -1    191     104
       -1      -1     61     192       -1
     128       -1      -1    193       -1
     129       -1      -1    194       -1
       -1      -1      -1    195     105
       -1      -1      -1    197     106
     131      96       -1      -1      -1
       -1      -1      -1    198     107
       -1      -1     62     199       -1
       -1      -1      -1    201     109
       -1      -1      -1    202     110
       -1      -1      -1    203     111
       -1      -1      -1    204     112
     132       -1      -1    205       -1
     133       -1      -1    206       -1
     134       -1      -1    207       -1
     135       -1      -1    208       -1
       -1     97      63       -1      -1
     136       -1      -1    209       -1
       -1      -1      -1    210     113
       -1      -1     64     211       -1
       -1      -1      -1    212     114
     137      98       -1      -1      -1
     138       -1      -1    213       -1
       -1      -1      -1    214     115
       -1      -1      -1    215     116
     139     100       -1      -1      -1
     140     101       -1      -1      -1
     141       -1      -1    216       -1
     142       -1      -1    218       -1
       -1      -1      -1    219     118
     143       -1      -1    220       -1
     144     103       -1      -1      -1
       -1      -1      -1    221     119
     145       -1      -1    222       -1
     146     104       -1      -1      -1
     147       -1      -1    223       -1
     148       -1      -1    224       -1
     149       -1      -1    225       -1
     150     105       -1      -1      -1
       -1    106      67       -1      -1
     151       -1      -1    226       -1
       -1      -1      -1    227     120
     152       -1      -1    228       -1
       -1      -1      -1    229     121
       -1    107      68       -1      -1
       -1    108      69       -1      -1
     153       -1      -1    230       -1
       -1    109      70       -1      -1
       -1    112      71       -1      -1
       -1      -1     72     231       -1
     156     113       -1      -1      -1
       -1    114      73       -1      -1
       -1    115      74       -1      -1
       -1      -1      -1    232     122
       -1    116      75       -1      -1
       -1    117      76       -1      -1
       -1    118      77       -1      -1
       -1    119      78       -1      -1
       -1      -1      -1    233     123
       -1      -1     79     235       -1
       -1      -1      -1    236     125
       -1      -1      -1    237     126
       -1    120       -1    238       -1
     157     121       -1      -1      -1
     158       -1     80       -1      -1
       -1      -1      -1    239     127
       -1      -1      -1    240     128
       -1      -1      -1    241     129
     159       -1      -1    242       -1
       -1    122      81       -1      -1
     160     123       -1      -1      -1
     161       -1      -1    243       -1
     162       -1      -1    244       -1
     163       -1      -1    245       -1
       -1    124       -1    246       -1
       -1    125       -1    247       -1
       -1      -1      -1    248     130
     164     126       -1      -1      -1
       -1    127      82       -1      -1
       -1      -1      -1    250     131
       -1      -1      -1    251     132
       -1    128       -1    252       -1
       -1    129      83       -1      -1
     166       -1      -1    254       -1
       -1      -1      -1    255     134
     167       -1      -1    256       -1
       -1    130      84       -1      -1
       -1      -1      -1    257     135
     168       -1      -1    258       -1
     169       -1      -1    259       -1
       -1      -1      -1    260     136
     170       -1      -1    261       -1
     171       -1      -1    262       -1
     172       -1      -1    263       -1
     174       -1      -1    264       -1
     175       -1      -1    265       -1
       -1      -1      -1    266     137
     176       -1      -1    267       -1
       -1      -1      -1    268     138
     177     132       -1      -1      -1
       -1    133      85       -1      -1
       -1    134      86       -1      -1
       -1      -1      -1    270     140
       -1      -1      -1    271     141
       -1      -1      -1    272     142
     178       -1      -1    274       -1
       -1      -1      -1    275     144
     179       -1      -1    277       -1
     180     135       -1      -1      -1
       -1      -1      -1    278     146
       -1      -1     87     279       -1
     181     136       -1      -1      -1
     182       -1      -1    280       -1
     183       -1      -1    281       -1
     184       -1     88       -1      -1
     185     137       -1      -1      -1
     186       -1     89       -1      -1
     187       -1      -1    282       -1
       -1    138       -1    283       -1
     188       -1      -1    284       -1
     189     139       -1      -1      -1
     190       -1      -1    285       -1
       -1      -1      -1    286     147
       -1      -1      -1    288     149
     191       -1     90       -1      -1
       -1      -1      -1    289     150
     192       -1      -1    290       -1
     193       -1     91       -1      -1
     194       -1      -1    291       -1
       -1      -1      -1    292     151
     195     140       -1      -1      -1
     196     141       -1      -1      -1
       -1    142      92       -1      -1
     197       -1      -1      -1    152
     198     143       -1      -1      -1
       -1      -1      -1    293     153
       -1      -1      -1    294     154
     199       -1      -1      -1    155
       -1    144       -1    295       -1
       -1    145       -1    296       -1
     200     146       -1      -1      -1
     202       -1      -1    297       -1
       -1    148      93       -1      -1
       -1      -1      -1    299     156
     204       -1      -1    300       -1
       -1      -1      -1    301     157
       -1    149       -1    303       -1
     205       -1      -1    304       -1
       -1      -1      -1    305     159
       -1    150      94       -1      -1
       -1      -1      -1    307     161
       -1    151      95       -1      -1
     206       -1      -1    309       -1
       -1      -1      -1    310     163
       -1      -1      -1    311     164
     207       -1      -1    312       -1
     208     152       -1      -1      -1
       -1      -1      -1    313     165
     209       -1      -1    314       -1
       -1      -1      -1    315     166
     210     153       -1      -1      -1
     211       -1      -1    316       -1
       -1      -1      -1    317     167
     212       -1      -1      -1    168
     213       -1      -1    318       -1
     214       -1      -1    319       -1
       -1    154      96       -1      -1
     215       -1      -1    320       -1
       -1      -1      -1    321     169
       -1    155      97       -1      -1
     216       -1      -1    322       -1
       -1      -1      -1    323     170
       -1      -1      -1    325     171
       -1      -1      -1    326     172
       -1    156      98       -1      -1
     218       -1      -1    328       -1
       -1      -1      -1    329     174
     219     157       -1      -1      -1
       -1      -1      -1    330     175
       -1    158      99       -1      -1
     220       -1      -1    331       -1
     221       -1      -1    332       -1
       -1      -1      -1    333     176
       -1      -1      -1    335     178
     222       -1      -1    337       -1
       -1    159     100       -1      -1
       -1    160     101       -1      -1
       -1      -1      -1    339     180
       -1      -1      -1    340     181
       -1    161     102       -1      -1
       -1      -1      -1    342     182
       -1      -1      -1    343     183
     225       -1      -1    344       -1
     226     162       -1      -1      -1
       -1      -1      -1    345     184
       -1      -1    103     346       -1
       -1      -1      -1    347     185
     227     163       -1      -1      -1
       -1      -1      -1    348     186
       -1      -1      -1    349     187
     228       -1      -1    350       -1
       -1    164     104       -1      -1
     229       -1      -1    353       -1
     230     165       -1      -1      -1
       -1      -1      -1    354     190
     231     166       -1      -1      -1
       -1      -1      -1    355     191
       -1    167     105       -1      -1
       -1      -1      -1    356     192
       -1    168     106       -1      -1
       -1      -1      -1    357     193
       -1      -1      -1    358     194
       -1      -1      -1    359     195
     232     169       -1      -1      -1
       -1    170     107       -1      -1
     233       -1      -1    360       -1
     234       -1      -1    361       -1
       -1      -1      -1    362     196
       -1    171     108       -1      -1
     235       -1      -1    363       -1
       -1      -1      -1    364     197
       -1    172     109       -1      -1
     236       -1      -1    365       -1
     237       -1      -1    366       -1
     238     173       -1      -1      -1
     239       -1      -1    367       -1
       -1      -1      -1    368     198
     240     174       -1      -1      -1
     241       -1      -1    369       -1
     242       -1      -1    370       -1
     243       -1      -1    371       -1
     245       -1    111       -1      -1
     246       -1      -1    373       -1
       -1    176       -1    375       -1
     247       -1      -1    376       -1
       -1    177     112       -1      -1
       -1    178       -1    377       -1
       -1      -1      -1    378     200
     248       -1      -1    379       -1
       -1    179     113       -1      -1
       -1    180     114       -1      -1
       -1      -1      -1    380     201
     249     181       -1      -1      -1
     250     182       -1      -1      -1
       -1      -1      -1    381     202
       -1      -1      -1    382     203
       -1      -1      -1    384     204
       -1      -1      -1    385     205
     252     183       -1      -1      -1
       -1      -1      -1    386     206
       -1    184     115       -1      -1
       -1      -1      -1    387     207
     253       -1      -1    388       -1
       -1      -1      -1    390     209
     254       -1      -1    391       -1
       -1      -1      -1    392     210
     255       -1      -1    393       -1
     256       -1      -1    394       -1
       -1      -1      -1    395     211
     257       -1      -1    396       -1
       -1      -1      -1    397     212
     258       -1      -1    398       -1
     259       -1      -1    399       -1
       -1      -1      -1    400     213
     261       -1      -1      -1    214
       -1    187     118       -1      -1
     262       -1      -1    402       -1
       -1      -1      -1    403     215
     263     188       -1      -1      -1
       -1      -1      -1    404     216
       -1    189     119       -1      -1
       -1    190       -1    405       -1
     264       -1      -1    406       -1
     265     191       -1      -1      -1
       -1      -1      -1    407     217
       -1      -1      -1    408     218
       -1      -1      -1    409     219
       -1      -1      -1    410     220
       -1    192     120       -1      -1
     266       -1      -1    412       -1
     267       -1      -1    413       -1
       -1    193     121       -1      -1
       -1      -1      -1    414     222
       -1      -1      -1    415     223
       -1      -1      -1    416     224
     268       -1      -1    418       -1
       -1      -1      -1    419     226
       -1      -1      -1    420     227
       -1    194     122       -1      -1
       -1    195     123       -1      -1
       -1    196     124       -1      -1
       -1    197     125       -1      -1
     269       -1      -1    421       -1
       -1      -1      -1    422     228
     270     199       -1      -1      -1
       -1    200     126       -1      -1
       -1      -1      -1    424     229
       -1    201     127       -1      -1
     272       -1    128       -1      -1
     273       -1      -1    427       -1
     274       -1    129       -1      -1
       -1      -1      -1    428     231
       -1    202     130       -1      -1
       -1    203     131       -1      -1
       -1    204     132       -1      -1
     275     205       -1      -1      -1
       -1    206     133       -1      -1
       -1      -1      -1    429     232
       -1    207     134       -1      -1
       -1    209     136       -1      -1
       -1      -1      -1    430     233
       -1    210     137       -1      -1
       -1      -1      -1    431     234
       -1    211     138       -1      -1
       -1    212     139       -1      -1
       -1    213     140       -1      -1
       -1      -1      -1    432     235
       -1    214     141       -1      -1
       -1    216     142       -1      -1
       -1    217     143       -1      -1
     277     218       -1      -1      -1
       -1      -1      -1    433     236
       -1      -1      -1    435     238
       -1      -1      -1    436     239
     278       -1      -1    437       -1
     279     219       -1      -1      -1
       -1    220     144       -1      -1
     280     221       -1      -1      -1
       -1    222     145       -1      -1
       -1    223     146       -1      -1
       -1    224     147       -1      -1
       -1      -1      -1    438     240
       -1    225     148       -1      -1
     282     226       -1      -1      -1
       -1      -1      -1    440     241
     284       -1      -1    442       -1
       -1    227     149       -1      -1
       -1    228     150       -1      -1
       -1    229     151       -1      -1
     285     230       -1      -1      -1
       -1    231     152       -1      -1
       -1      -1      -1    443     242
       -1      -1      -1    444     243
     286     232       -1      -1      -1
       -1    233     153       -1      -1
       -1      -1    154     445       -1
       -1      -1    155     446       -1
       -1      -1      -1    447     244
     287     234       -1      -1      -1
       -1    235     156       -1      -1
     288       -1      -1    448       -1
       -1    236     157       -1      -1
     289     237       -1      -1      -1
       -1    238     158       -1      -1
       -1      -1      -1    449     245
       -1      -1    159     450       -1
     290     239       -1      -1      -1
     292       -1      -1    451       -1
     293     241       -1      -1      -1
       -1      -1      -1    452     246
       -1    242     160       -1      -1
       -1      -1      -1    453     247
       -1      -1      -1    454     248
       -1      -1      -1    455     249
       -1      -1      -1    456     250
     295       -1      -1    458       -1
       -1    243     161       -1      -1
     296     244       -1      -1      -1
       -1    245     162       -1      -1
     297     246       -1      -1      -1
     298       -1      -1    460       -1
       -1      -1      -1    461     252
       -1      -1      -1    462     253
       -1    247     163       -1      -1
       -1      -1      -1    463     254
     299     248       -1      -1      -1
       -1      -1    164     464       -1
       -1    249     165       -1      -1
     300       -1      -1    465       -1
     301     250       -1      -1      -1
       -1      -1      -1    467     256
       -1      -1      -1    468     257
     303       -1      -1    469       -1
     304     252       -1      -1      -1
     305       -1      -1    470       -1
       -1      -1    166     472       -1
       -1      -1      -1    473     258
       -1      -1    168     475       -1
     308       -1    169       -1      -1
     309       -1    170       -1      -1
     310       -1      -1    476       -1
       -1      -1      -1    477     260
     311       -1      -1    478       -1
       -1      -1      -1    479     261
       -1      -1      -1    480     262
     312     253       -1      -1      -1
       -1      -1      -1    481     263
     313     254       -1      -1      -1
     314     255       -1      -1      -1
       -1      -1      -1    482     264
       -1      -1      -1    483     265
       -1      -1      -1    484     266
       -1    256     171       -1      -1
     315       -1      -1    485       -1
     316     257       -1      -1      -1
     317       -1      -1    486       -1
       -1    258     172       -1      -1
       -1      -1      -1    487     267
       -1    259     173       -1      -1
       -1    260     174       -1      -1
     318     261       -1      -1      -1
       -1    262     175       -1      -1
       -1      -1      -1    488     268
     319     263       -1      -1      -1
       -1    264       -1    489       -1
     320     265       -1      -1      -1
     321       -1      -1    490       -1
       -1      -1      -1    491     269
     323       -1      -1    493       -1
     324       -1      -1    494       -1
       -1    267     176       -1      -1
     325       -1      -1    495       -1
       -1    268     177       -1      -1
       -1    269     178       -1      -1
     327     270       -1      -1      -1
       -1      -1      -1    498     272
     328     271       -1      -1      -1
       -1      -1      -1    499     273
     329     273       -1      -1      -1
       -1      -1      -1    500     274
       -1      -1    180       -1    275
       -1      -1      -1    501     276
     330       -1      -1    502       -1
     331       -1      -1    503       -1
     332       -1      -1      -1    277
       -1      -1      -1    504     278
       -1      -1      -1    505     279
       -1      -1      -1    506     280
       -1    274       -1      -1    282
       -1      -1      -1    509     284
       -1    275     181       -1      -1
       -1    276     182       -1      -1
       -1    277     183       -1      -1
       -1      -1      -1    510     285
       -1    278     184       -1      -1
       -1      -1      -1    511     286
       -1    279     185       -1      -1
     333       -1      -1    512       -1
       -1      -1      -1    513     287
     334     280       -1      -1      -1
       -1    282       -1    514       -1
       -1      -1      -1    515     288
       -1      -1      -1    516     289
     335     283       -1      -1      -1
       -1      -1      -1    517     290
     336       -1      -1    518       -1
       -1      -1      -1    519     291
       -1      -1      -1    520     292
       -1    285     188       -1      -1
       -1      -1      -1    521     293
     337       -1      -1    522       -1
       -1      -1      -1    523     294
       -1      -1      -1    524     295
     338       -1      -1    525       -1
     339       -1      -1    526       -1
     340       -1      -1    527       -1
       -1      -1      -1    528     296
     341       -1      -1    529       -1
     342     286       -1      -1      -1
     343       -1      -1    530       -1
     344       -1    189       -1      -1
       -1      -1      -1    532     298
     345     287       -1      -1      -1
     346       -1    190       -1      -1
       -1      -1      -1    533     299
       -1      -1      -1    536     301
       -1      -1      -1    537     302
       -1      -1      -1    538     303
       -1      -1      -1    539     304
     348       -1      -1    540       -1
       -1      -1      -1    542     306
       -1      -1      -1    543     307
     349       -1      -1    544       -1
       -1    288     191       -1      -1
       -1      -1      -1    545     308
     350     289       -1      -1      -1
     351     290       -1      -1      -1
     352       -1      -1    546       -1
     353       -1      -1    547       -1
       -1      -1      -1    548     309
       -1      -1      -1    551     312
       -1      -1      -1    552     313
       -1    291       -1    553       -1
       -1      -1      -1    554     314
     354       -1      -1    555       -1
       -1      -1      -1    556     315
       -1      -1      -1    557     316
     355     292       -1      -1      -1
       -1    293     192       -1      -1
       -1      -1      -1    558     317
       -1    294     193       -1      -1
       -1    295     194       -1      -1
       -1    296     195       -1      -1
       -1      -1      -1    560     319
     356       -1      -1    561       -1
     357     297       -1      -1      -1
       -1      -1      -1    562     320
     359     298       -1      -1      -1
     361       -1      -1    564       -1
       -1      -1      -1    565     321
     362     299       -1      -1      -1
     363     300       -1      -1      -1
       -1      -1      -1    567     323
       -1    301     197       -1      -1
       -1      -1      -1    568     324
       -1      -1      -1    569     325
       -1      -1      -1    570     326
     364     302       -1      -1      -1
       -1      -1      -1    571     327
       -1    303     198       -1      -1
     365       -1      -1    572       -1
       -1      -1      -1    573     328
       -1      -1      -1    575     330
       -1      -1      -1    576     331
       -1      -1      -1    577     332
       -1      -1      -1    578     333
     366     304       -1      -1      -1
     367     305       -1      -1      -1
     368       -1      -1    580       -1
     369       -1      -1    581       -1
       -1    306     199       -1      -1
     370     307       -1      -1      -1
     371       -1      -1    583       -1
     372     308       -1      -1      -1
     373     309       -1      -1      -1
     374     310       -1      -1      -1
     375       -1      -1    584       -1
       -1      -1      -1    585     336
     376       -1      -1    586       -1
       -1      -1      -1    587     337
     377       -1      -1    588       -1
     378       -1      -1    590       -1
       -1    311     200       -1      -1
       -1    312     201       -1      -1
       -1    313     202       -1      -1
       -1      -1      -1    591     339
       -1    314       -1    592       -1
       -1      -1      -1    593     340
       -1      -1      -1    594     341
       -1    315     203       -1      -1
       -1      -1      -1    595     342
       -1      -1      -1    596     343
     379     316       -1      -1      -1
       -1      -1      -1    597     344
     380       -1      -1    598       -1
     381       -1    204       -1      -1
       -1    317     205       -1      -1
     382       -1      -1    599       -1
       -1    318     206       -1      -1
       -1      -1      -1    600     345
     383       -1      -1    601       -1
       -1    319     207       -1      -1
     384       -1      -1    602       -1
       -1    320     208       -1      -1
       -1    321     209       -1      -1
     385       -1      -1    603       -1
       -1      -1      -1    604     346
       -1      -1      -1    605     347
     386     322       -1      -1      -1
       -1      -1      -1    606     348
     387     323       -1      -1      -1
     388       -1    210       -1      -1
     389     324       -1      -1      -1
       -1    325     211       -1      -1
     390       -1      -1    607       -1
       -1    326     212       -1      -1
     391     327       -1      -1      -1
       -1      -1      -1    608     349
     392       -1      -1    609       -1
     393       -1      -1    610       -1
     394     328       -1      -1      -1
       -1    329     213       -1      -1
       -1      -1      -1    611     350
     395     330       -1      -1      -1
       -1    331     214       -1      -1
     396     332       -1      -1      -1
       -1      -1      -1    613     352
     397       -1      -1    614       -1
     398       -1      -1    615       -1
       -1      -1      -1    616     353
     399     333       -1      -1      -1
       -1      -1      -1    617     354
       -1    334     215       -1      -1
     400     335       -1      -1      -1
       -1      -1      -1    618     355
       -1    336     216       -1      -1
     401       -1    217       -1      -1
     402       -1      -1    619       -1
     403     337       -1      -1      -1
       -1      -1      -1    620     356
       -1    338     218       -1      -1
       -1    339     219       -1      -1
     404       -1      -1    621       -1
     405       -1      -1    622       -1
       -1      -1      -1    625     357
     408     340       -1      -1      -1
     409     341       -1      -1      -1
     410     342       -1      -1      -1
     411       -1      -1    626       -1
       -1    343     220       -1      -1
       -1      -1    221     627       -1
       -1    344     222       -1      -1
       -1    345     223       -1      -1
       -1      -1      -1    628     358
       -1    346     224       -1      -1
       -1      -1      -1    629     359
       -1      -1      -1    630     360
       -1    347     225       -1      -1
       -1      -1      -1    631     361
     412       -1      -1    632       -1
     413       -1      -1    633       -1
       -1      -1      -1    634     362
     415       -1    227       -1      -1
       -1      -1      -1    636     364
       -1      -1      -1    637     365
       -1      -1      -1    638     366
       -1      -1      -1    639     367
     416       -1      -1    640       -1
     417     350       -1      -1      -1
       -1    351       -1    641       -1
       -1    352     228       -1      -1
       -1      -1      -1    642     368
     418       -1      -1    643       -1
       -1    353     229       -1      -1
       -1      -1      -1    644     369
       -1      -1      -1    645     370
     419       -1      -1    646       -1
     420     354       -1      -1      -1
     421       -1      -1    647       -1
     422     356       -1      -1      -1
     423       -1      -1    649       -1
       -1      -1      -1    650     371
     424       -1      -1    651       -1
     425       -1      -1    652       -1
       -1    357     230       -1      -1
       -1    358     231       -1      -1
       -1      -1      -1    653     372
     426       -1      -1    654       -1
       -1      -1      -1    655     373
       -1      -1    232     656       -1
     427     359       -1      -1      -1
     428     360       -1      -1      -1
       -1    361     233       -1      -1
       -1    362     234       -1      -1
       -1    363     235       -1      -1
       -1      -1      -1    658     374
       -1      -1      -1    659     375
     430     364       -1      -1      -1
       -1      -1      -1    660     376
     431     365       -1      -1      -1
       -1      -1      -1    661     377
     432       -1      -1    662       -1
     433       -1      -1    663       -1
     434       -1      -1    664       -1
     435       -1      -1    665       -1
     436     366       -1      -1      -1
     437     367       -1      -1      -1
     438       -1      -1    666       -1
     439     368       -1      -1      -1
       -1    369     236       -1      -1
     440     370       -1      -1      -1
     441     371       -1      -1      -1
       -1    372     237       -1      -1
     442     373       -1      -1      -1
     443       -1    238       -1      -1
     445     375       -1      -1      -1
     446       -1      -1    667       -1
       -1    376     239       -1      -1
       -1    378     240       -1      -1
     450       -1      -1    670       -1
     451     379       -1      -1      -1
     454       -1      -1    673       -1
       -1    380     241       -1      -1
     455       -1      -1    674       -1
     456     381       -1      -1      -1
       -1    382     242       -1      -1
       -1    383       -1    675       -1
     458       -1      -1    676       -1
       -1    384     244       -1      -1
     459       -1      -1    677       -1
     460       -1      -1    678       -1
     461       -1      -1    679       -1
     462     385       -1      -1      -1
     463       -1      -1    680       -1
       -1    386     245       -1      -1
     464       -1      -1    681       -1
       -1    387       -1    682       -1
     465       -1      -1    683       -1
       -1    388     246       -1      -1
       -1    390     248       -1      -1
       -1    391     249       -1      -1
       -1    392     250       -1      -1
     466       -1      -1    684       -1
     468       -1      -1    685       -1
     469       -1      -1    686       -1
     470       -1      -1    687       -1
     472       -1      -1    688       -1
     473       -1      -1    689       -1
       -1    393     253       -1      -1
     474       -1      -1    690       -1
       -1    394     254       -1      -1
       -1    395     255       -1      -1
     475       -1      -1    691       -1
       -1    396       -1    692       -1
       -1    397     256       -1      -1
     476       -1      -1    693       -1
       -1    398     257       -1      -1
     478       -1      -1    695       -1
     479       -1      -1    696       -1
     480       -1      -1    697       -1
     481       -1      -1    698       -1
     482     399       -1      -1      -1
     483       -1      -1    699       -1
       -1    401     258       -1      -1
     485       -1      -1    700       -1
     486       -1      -1    701       -1
     487       -1      -1    702       -1
     488     402       -1      -1      -1
     489       -1      -1    703       -1
     490       -1      -1    704       -1
     491       -1      -1    705       -1
     492       -1      -1    706       -1
       -1    403     259       -1      -1
       -1    404     260       -1      -1
     493       -1      -1    707       -1
     494       -1      -1    708       -1
     495       -1      -1    709       -1
     496       -1      -1    710       -1
     497       -1      -1    711       -1
     498       -1      -1    712       -1
     499       -1      -1    713       -1
     500       -1      -1    714       -1
     501       -1      -1    715       -1
     502       -1      -1    716       -1
     504       -1      -1    718       -1
     506       -1      -1    720       -1
     507       -1      -1    721       -1
       -1    405       -1      -1    379
     511     406     261       -1      -1
       -1    407       -1    726     381
     512     408       -1      -1      -1
     513     409       -1    727       -1
     514       -1      -1    728     382
     515       -1      -1    730     383
       -1      -1    263     731       -1
     516       -1      -1    732     384
       -1    411       -1    733     385
       -1    412       -1    734     386
     518     413     264       -1      -1
     519       -1      -1    736     388
     520     414       -1    737       -1
     521     415       -1    738       -1
       -1      -1    265     739       -1
     522       -1      -1    740     389
     523     416     266       -1      -1
     524       -1      -1    741     390
     525       -1      -1    742     391
     526       -1      -1    743     392
     527       -1      -1    744     393
     528     417     267       -1      -1
     529       -1      -1    745     394
     530       -1      -1    746     395
     531       -1      -1    747     396
     532       -1      -1    749     397
     533     419       -1    750       -1
     534       -1      -1      -1    398
     536     420     268       -1      -1
     537     421       -1    751       -1
     538     422     269       -1      -1
     539       -1      -1    752     400
     540     423     270       -1      -1
     541       -1      -1    753     401
     542     424       -1    754       -1
     543       -1      -1    755     402
       -1      -1    271     756     403
     544     425       -1    757       -1
     545       -1      -1    758     404
     546     426       -1    759       -1
     547     427     272       -1      -1
     548       -1      -1    760     405
     549     428       -1    761       -1
     550       -1      -1    762     406
     551     429       -1    763       -1
     552       -1      -1    764     407
       -1      -1    273     765       -1
     553     430       -1    766       -1
     554       -1      -1    767     408
     555     431       -1    768       -1
     556       -1      -1    769     409
     557       -1      -1    770     410
     558       -1      -1    772     411
     559       -1      -1    773     412
     560       -1      -1    774     413
     561     433       -1    775       -1
       -1    434     274     776       -1
     562       -1      -1    777     414
     563       -1      -1    778     415
     564     435     275       -1      -1
     565       -1      -1    779     416
     566       -1      -1    780     417
     567       -1      -1    781     418
     568     436       -1    782       -1
     569     437       -1    783       -1
       -1    438     276       -1    419
     570       -1      -1    784     420
       -1      -1      -1    785     421
     571     439     278       -1      -1
     572     440       -1    786       -1
     573       -1      -1    787       -1
     574     442     279       -1      -1
     575     443     280       -1      -1
     576     444       -1    788       -1
     578     445       -1      -1      -1
     579       -1      -1    791     422
       -1      -1      -1    792     423
     581       -1      -1    793     424
     582       -1    282       -1      -1
     583       -1    283     794       -1
     584     447     284       -1      -1
     585       -1      -1    795     425
     586       -1      -1    796     426
     588     449       -1    797       -1
     589     450       -1    798       -1
     591       -1      -1    800     428
     592       -1      -1    801     429
     593       -1      -1      -1    430
     594     451       -1    803       -1
     595     452       -1    804       -1
     596       -1      -1    805     431
     597       -1    286     806       -1
     598       -1      -1    807     432
     599       -1      -1    808     433
     600       -1      -1    809     434
     601       -1      -1    810     435
     602     453     287       -1      -1
     603       -1      -1    811     436
     604       -1      -1    812     437
       -1    454     288       -1      -1
     607     455     289       -1      -1
     608     456     290       -1      -1
     609       -1      -1    814     439
     610     457       -1    815       -1
     611       -1      -1    816     440
       -1    458       -1    817     441
       -1      -1      -1    818     442
     613       -1      -1    819     443
     614     459       -1      -1      -1
     615     460       -1    821       -1
     616       -1      -1    822     444
       -1      -1    292     824     445
       -1    461       -1    825     446
     618     462     293       -1      -1
       -1    463     294       -1      -1
     620     464       -1    826       -1
     621       -1    295       -1      -1
     622       -1      -1    827     447
     623       -1      -1    828     448
     624       -1    296       -1      -1
     625       -1      -1    829     449
       -1      -1    297     830     450
     626     466     298       -1      -1
       -1    467       -1    831       -1
     628       -1      -1    832     451
       -1      -1    299     833       -1
       -1      -1    300     834     452
     629     468       -1    835       -1
     630     469       -1    836       -1
     631       -1      -1    837     453
     632       -1      -1    838     454
     633       -1      -1    839     455
       -1      -1    301     840     456
     634     470     302       -1      -1
     636       -1      -1    841     457
     637     472       -1    842       -1
       -1    473       -1    843       -1
     640     474     304       -1      -1
     641     475       -1    845       -1
     642       -1      -1    846     459
     643     476     305       -1      -1
     644       -1      -1    847     460
     645     477       -1    848       -1
     647       -1      -1    849     461
     649       -1      -1    851     463
     650       -1      -1    852     464
     651       -1      -1    853     465
     652     479     307       -1      -1
     653       -1    308     854       -1
     654     480       -1    855       -1
       -1      -1    309     856     466
     655     481     310       -1      -1
     657       -1      -1    858       -1
     658     483     311       -1      -1
     659       -1      -1    859     468
     660       -1      -1    860     469
     661       -1      -1    861     470
     662       -1      -1    862     472
     663     485       -1      -1      -1
       -1    486       -1    863       -1
     665     487     314       -1      -1
     667     489     315       -1      -1
       -1      -1    316     866     474
     669     490       -1    867       -1
     670       -1      -1    868     475
     671     491       -1    869       -1
     672     492     317       -1      -1
     673     493       -1    870       -1
     674       -1    318       -1      -1
     676     495       -1      -1      -1
     677       -1      -1    872     478
     678       -1      -1    873     479
     679     496       -1    874       -1
     680     497     319       -1      -1
     681     498       -1    875       -1
     682     499       -1    876       -1
     683     500       -1    877       -1
     684     501       -1    878       -1
     685     502       -1    879       -1
     687     503       -1    881       -1
     688     504       -1    882       -1
       -1      -1    321     883     480
       -1    505     323     885       -1
     689       -1      -1    886     483
     690       -1      -1      -1    484
     691       -1    325       -1      -1
     692     507     326       -1      -1
     693     508       -1    888       -1
     695     509     327       -1      -1
     696       -1      -1    890     486
       -1    510     328       -1      -1
     698       -1    329       -1      -1
     699       -1      -1    893     488
     700     514     331       -1      -1
     701       -1      -1    894     489
     702     515     332       -1      -1
     703     516     333       -1      -1
     704       -1      -1    895     490
     705     517       -1    896       -1
     706       -1      -1      -1    491
       -1    518       -1    897       -1
     707     519       -1      -1      -1
     708     520       -1    898       -1
     709     521       -1    899       -1
     710       -1      -1    900     492
     711     522     335       -1      -1
     712       -1      -1      -1    493
     713       -1      -1    902     494
     714     523       -1    903       -1
     715     524       -1    904       -1
       -1      -1    336     906       -1
     718     525     337       -1      -1
     720       -1      -1    907     496
     721     527       -1    908       -1
     722     528     339       -1      -1
     725     529     340       -1      -1
     726       -1      -1    911     499
     727       -1      -1    912     500
     728     530     341       -1      -1
     729       -1      -1    913     501
     730       -1      -1    914     502
       -1    531       -1    915     503
     731       -1      -1      -1    504
     732     532       -1    916       -1
     733       -1      -1    917     505
     735       -1      -1    918     506
     736       -1      -1    919     507
     737       -1      -1    920     508
     738       -1      -1    921     509
       -1    534       -1      -1    510
       -1    535       -1    922       -1
     739     536       -1    923     511
     740     537     343     924       -1
     741     538     344     925       -1
     742     539       -1    926     512
     743     540       -1    927     513
     744     541     345     928       -1
     745     542     346     929       -1
     746     543     347     930       -1
     747     544     348     931       -1
     748     545     349     932       -1
     749     546       -1    933     514
     750     547       -1    934     515
     751     548       -1    935     516
     752     549     350     936       -1
     753       -1      -1    937       -1
     754     551       -1    938     518
     755     552       -1    939     519
     756     553       -1    940     520
     757     554     351     941       -1
     758     555       -1    942       -1
     759     556     352     943       -1
     760     557     353     944       -1
     761     558     354     945       -1
     762     559       -1    946     522
     763     560       -1    947       -1
     764       -1      -1    948     524
     765     562     355       -1      -1
     766       -1      -1    949     526
     767     564     356     950       -1
     768     565       -1    951     527
     770     567       -1    953       -1
     771       -1      -1    954     530
     772     568     358     955       -1
     773     569       -1      -1      -1
     774     570     359     957       -1
       -1    571       -1    958     532
     775     572       -1    959     533
     776     573       -1    960     534
     777     574       -1      -1      -1
     778     575       -1    961     536
     779     576       -1    962     537
       -1    577       -1    963     538
     781     578       -1    964     539
     782     579       -1    965     540
     783     580       -1    966       -1
     784     581       -1      -1      -1
     785     582       -1    968     542
     786     584       -1    970       -1
       -1    585       -1    971     544
     788     586     362     972       -1
     789     587       -1    973     545
     790     588     363     974       -1
     791     589       -1    975     546
     792     590     364     976       -1
     793     591       -1    977     547
     794     592     365     978       -1
     795     593     366     979       -1
       -1    594       -1      -1    548
     797       -1      -1      -1    549
     798     596       -1    982       -1
     800     598       -1      -1    551
       -1    599       -1    985     552
       -1      -1      -1    986     553
     803     601       -1    987     554
     804     602     368     988       -1
       -1    603     369     989       -1
     806     604     370     990       -1
     807       -1    371     991       -1
     808     606       -1    992     555
     809     607     372     993       -1
     810       -1    373     994       -1
     811     609       -1    995     556
     812     610       -1    996       -1
     814     612     375     998     559
     815     613     376     999     560
     816     614     377    1000     561
     817     615     378    1001     562
     818     616     379    1002     563
     819     617     380    1003       -1
     820     618     381    1004     565
     821     619     382    1005     566
     822     620       -1   1006     567
     823     621     384    1007     568
       -1    622       -1   1008     569
     825     623     386    1009     570
     826     624     387    1010     571
     827     625     388    1011     572
       -1    626       -1   1012       -1
     829       -1      -1   1013       -1
     830     628     391    1014     575
     831     629     392       -1    576
       -1    630     393       -1    577
     833     632     395    1018     579
     834     633     396    1019     580
