       0       0       -1
       1       1       -1
       2       2       -1
       3       3       -1
       4       4       -1
       5       5       -1
       6       6       -1
       7       7       -1
       8       8       -1
       9       9       -1
      10      10       -1
      11      11       -1
      12      12       -1
      13      13       -1
      14       -1      0
      15       -1      1
      16      14       -1
      17      15       -1
      18      16       -1
      19       -1      2
      20       -1      3
      21       -1      4
      22       -1      5
      23      17       -1
      24      18       -1
      25       -1      6
      26      19       -1
      27       -1      7
      28       -1      8
      29       -1      9
      30       -1     10
      31      20       -1
      32       -1     11
      33      21       -1
      34      22       -1
      35      23       -1
      36       -1     12
      37      24       -1
      38       -1     13
      39      25       -1
      40      26       -1
      41       -1     14
      42      27       -1
      43       -1     15
      44      28       -1
      45       -1     16
      46      29       -1
      47      30       -1
      48       -1     17
      49      31       -1
      50      32       -1
      51      33       -1
      52       -1     18
      53       -1     19
      54      34       -1
      55       -1     20
      56       -1     21
      57      35       -1
      58      36       -1
      59      37       -1
      60      38       -1
      61       -1     22
      62      39       -1
      63       -1     23
      64       -1     24
      65      40       -1
      66      41       -1
      67      42       -1
      68       -1     25
      69       -1     26
      70       -1     27
      71       -1     28
      72      43       -1
      73      44       -1
      74       -1     29
      75      45       -1
      76      46       -1
      77      47       -1
      78      48       -1
      79      49       -1
      80      50       -1
      81       -1     30
      82      51       -1
      83       -1     31
      84      52       -1
      85      53       -1
      86      54       -1
      87      55       -1
      88       -1     32
      89      56       -1
      90       -1     33
      91      57       -1
      92       -1     34
      93      58       -1
      94      59       -1
      95      60       -1
      96       -1     35
      97       -1     36
      98      61       -1
      99      62       -1
     100      63       -1
     101      64       -1
     102       -1     37
     103      65       -1
     104       -1     38
     105      66       -1
     106       -1     39
     107       -1     40
     108      67       -1
     109       -1     41
     110       -1     42
     111       -1     43
     112      68       -1
     113      69       -1
     114      70       -1
     115      71       -1
     116      72       -1
     117      73       -1
     118      74       -1
     119      75       -1
     120      76       -1
     121      77       -1
     122      78       -1
     123      79       -1
     124       -1     44
     125      80       -1
     126      81       -1
     127      82       -1
     128       -1     45
     129      83       -1
     130      84       -1
     131      85       -1
     132      86       -1
     133       -1     46
     134      87       -1
     135      88       -1
     136       -1     47
     137       -1     48
     138       -1     49
     139      89       -1
     140      90       -1
     141       -1     50
     142       -1     51
     143       -1     52
     144      91       -1
     145      92       -1
     146      93       -1
     147      94       -1
     148      95       -1
     149      96       -1
     150      97       -1
     151       -1     53
     152      98       -1
     153       -1     54
     154      99       -1
     155       -1     55
     156     100       -1
     157       -1     56
     158       -1     57
     159       -1     58
     160     101       -1
     161     102       -1
     162     103       -1
     163     104       -1
     164       -1     59
     165     105       -1
     166       -1     60
     167     106       -1
     168       -1     61
     169     107       -1
     170     108       -1
     171     109       -1
     172     110       -1
     173     111       -1
     174     112       -1
     175     113       -1
     176     114       -1
     177     115       -1
     178     116       -1
     179     117       -1
     180     118       -1
     181     119       -1
     182     120       -1
     183     121       -1
     184       -1     62
     185     122       -1
     186     123       -1
     187     124       -1
     188     125       -1
     189       -1     63
     190     126       -1
     191       -1     64
     192     127       -1
     193     128       -1
     194     129       -1
     195       -1     65
     196     130       -1
     197     131       -1
     198     132       -1
     199     133       -1
     200     134       -1
     201       -1     66
     202     135       -1
     203     136       -1
     204       -1     67
     205       -1     68
     206       -1     69
     207     137       -1
     208       -1     70
     209     138       -1
     210     139       -1
     211     140       -1
     212       -1     71
     213     141       -1
     214     142       -1
     215       -1     72
     216       -1     73
     217       -1     74
     218     143       -1
     219       -1     75
     220       -1     76
     221     144       -1
     222       -1     77
     223     145       -1
     224     146       -1
     225     147       -1
     226       -1     78
     227     148       -1
     228       -1     79
     229     149       -1
     230       -1     80
     231     150       -1
     232       -1     81
     233       -1     82
     234     151       -1
     235     152       -1
     236       -1     83
     237     153       -1
     238       -1     84
     239       -1     85
     240     154       -1
     241     155       -1
     242       -1     86
     243     156       -1
     244       -1     87
     245     157       -1
     246     158       -1
     247     159       -1
     248     160       -1
     249     161       -1
     250       -1     88
     251     162       -1
     252       -1     89
     253     163       -1
     254       -1     90
     255     164       -1
     256       -1     91
     257       -1     92
     258       -1     93
     259     165       -1
     260       -1     94
     261       -1     95
     262     166       -1
     263       -1     96
     264     167       -1
     265       -1     97
     266       -1     98
     267     168       -1
     268     169       -1
     269       -1     99
     270     170       -1
     271       -1    100
     272       -1    101
     273     171       -1
     274     172       -1
     275     173       -1
       -1    174     102
       -1    175     103
       -1    176     104
       -1    177     105
       -1    178     106
       -1    179     107
       -1    180     108
       -1    181     109
       -1    182     110
       -1    183     111
       -1    184     112
       -1    185     113
       -1    186     114
       -1    187     115
       -1    188     116
       -1    189     117
       -1    190     118
       -1    191     119
       -1    192     120
       -1    193     121
       -1    194     122
       -1    195     123
       -1    196     124
       -1    197     125
       -1    198     126
       -1    199     127
       -1    200     128
     276     201     129
     277     202     130
     278     203     131
     279     204     132
     280     205     133
     281     206     134
     282     207     135
     283     208     136
     284     209     137
     285     210     138
     286     211     139
     287     212     140
     288     213     141
     289     214     142
     290     215     143
     291     216     144
     292     217     145
     293     218     146
     294     219     147
     295     220     148
     296     221     149
     297     222     150
     298     223     151
     299     224     152
     300     225     153
     301     226     154
     302     227     155
     303     228     156
     304     229     157
     305     230     158
     306     231     159
     307     232     160
     308     233     161
     309     234     162
     310     235     163
     311     236     164
     312     237     165
     313     238     166
     314     239     167
     315     240     168
     316     241     169
     317     242     170
     318     243     171
     319     244     172
     320     245     173
     321     246     174
     322     247     175
     323     248     176
     324     249     177
     325     250     178
     326     251     179
     327     252     180
     328     253     181
     329     254     182
     330     255     183
     331     256     184
     332     257     185
     333     258     186
     334     259     187
     335     260     188
     336     261     189
     337     262     190
     338     263     191
     339     264     192
     340     265     193
     341     266     194
     342     267     195
     343     268     196
     344     269     197
     345     270     198
     346     271     199
     347     272     200
     348     273     201
     349     274     202
     350     275     203
     351     276     204
     352     277     205
     353     278     206
     354     279     207
     355     280     208
     356     281     209
     357     282     210
     358     283     211
     359     284     212
     360     285     213
     361     286     214
     362     287     215
     363     288     216
     364     289     217
     365     290     218
     366     291     219
     367     292     220
     368     293     221
     371     296     224
     372     297     225
     373     298     226
     374     299     227
     375     300     228
     376     301       -1
     377     302     230
     378     303     231
     379     304     232
     380     305     233
     381     306     234
     382     307     235
     383     308     236
     384     309     237
     385     310     238
     386     311     239
     387     312     240
     388     313     241
     389     314     242
     390     315     243
     391     316     244
     392     317     245
     393     318     246
     394     319     247
     395     320     248
     396     321     249
     397     322     250
     398     323     251
     399     324     252
     400     325     253
     401     326     254
     402     327     255
     403     328     256
     404     329     257
     405     330     258
     406     331     259
     407     332     260
     408     333     261
     409     334     262
     410     335     263
     411     336     264
     412     337     265
     413     338     266
     414     339     267
     415     340     268
     416     341     269
     417     342     270
     418     343     271
     419     344     272
     420     345     273
     421     346     274
     422     347     275
     423     348     276
     424     349     277
     425     350     278
     426     351     279
     427     352     280
     428     353     281
     429     354     282
     430     355     283
     431     356     284
     432     357     285
     433     358     286
     434     359     287
     435     360       -1
     436     361       -1
     437     362     290
     438     363     291
     439     364     292
     440     365     293
       -1    366     294
       -1    367     295
     443     368     296
     444     369     297
     445     370     298
     446     371     299
     447     372     300
     448     373     301
     449     374     302
