       0       0       -1
       1       1       -1
       2       2       -1
       3       3       -1
       4       -1      0
       5       4       -1
       6       -1      1
       7       -1      2
       8       -1      3
       9       -1      4
      10       -1      5
      11       5       -1
      12       -1      6
      13       -1      7
      14       -1      8
      15       -1      9
      16       6       -1
      17       -1     10
      18       7       -1
      19       8       -1
      20       -1     11
      21       -1     12
      22       -1     13
      23       -1     14
      24       9       -1
      25       -1     15
      26      10       -1
      27      11       -1
      28       -1     16
      29      12       -1
      30       -1     17
      31      13       -1
      32      14       -1
      33      15       -1
      34       -1     18
      35       -1     19
      36       -1     20
      37      16       -1
      38       -1     21
      39       -1     22
      40       -1     23
      41       -1     24
      42       -1     25
      43      17       -1
      44       -1     26
      45       -1     27
      46       -1     28
      47      18       -1
      48       -1     29
      49      19       -1
      50       -1     30
      51       -1     31
      52       -1     32
      53      20       -1
      54      21       -1
      55      22       -1
      56       -1     33
      57      23       -1
      58      24       -1
      59       -1     34
      60       -1     35
      61       -1     36
      62      25       -1
      63       -1     37
      64      26       -1
      65       -1     38
      66      27       -1
      67      28       -1
      68      29       -1
      69      30       -1
      70      31       -1
      71       -1     39
      72      32       -1
      73       -1     40
      74      33       -1
      75      34       -1
      76       -1     41
      77      35       -1
      78      36       -1
      79       -1     42
      80       -1     43
      81      37       -1
      82       -1     44
      83      38       -1
      84       -1     45
      85      39       -1
      86       -1     46
      87      40       -1
      88       -1     47
      89       -1     48
      90      41       -1
      91      42       -1
      92      43       -1
      93       -1     49
      94      44       -1
      95      45       -1
      96       -1     50
      97      46       -1
      98      47       -1
      99       -1     51
     100       -1     52
     101      48       -1
     102      49       -1
     103       -1     53
     104      50       -1
     105      51       -1
     106       -1     54
     107      52       -1
     108       -1     55
     109       -1     56
     110      53       -1
     111       -1     57
     112      54       -1
     113      55       -1
     114       -1     58
     115       -1     59
     116      56       -1
     117      57       -1
     118      58       -1
     119       -1     60
     120       -1     61
     121       -1     62
     122       -1     63
     123       -1     64
     124      59       -1
     125      60       -1
     126      61       -1
     127      62       -1
     128      63       -1
     129      64       -1
     130      65       -1
     131       -1     65
     132       -1     66
     133      66       -1
     134       -1     67
     135       -1     68
     136      67       -1
     137      68       -1
     138      69       -1
     139       -1     69
     140      70       -1
     141       -1     70
     142      71       -1
     143      72       -1
     144      73       -1
     145      74       -1
     146      75       -1
     147      76       -1
     148      77       -1
     149      78       -1
     150      79       -1
     151       -1     71
     152      80       -1
     153       -1     72
     154      81       -1
     155      82       -1
     156      83       -1
     157       -1     73
     158       -1     74
     159      84       -1
     160      85       -1
     161      86       -1
     162      87       -1
     163      88       -1
     164      89       -1
     165      90       -1
     166      91       -1
     167       -1     75
     168       -1     76
     169      92       -1
     170      93       -1
     171      94       -1
     172      95       -1
     173       -1     77
     174      96       -1
     175      97       -1
     176       -1     78
     177       -1     79
     178      98       -1
     179      99       -1
     180     100       -1
     181     101       -1
     182     102       -1
     183     103       -1
     184     104       -1
     185     105       -1
     186     106       -1
     187     107       -1
     188       -1     80
     189     108       -1
     190     109       -1
     191     110       -1
     192       -1     81
     193     111       -1
     194       -1     82
     195     112       -1
     196       -1     83
     197     113       -1
     198     114       -1
     199     115       -1
     200     116       -1
     201       -1     84
     202     117       -1
     203     118       -1
     204     119       -1
     205     120       -1
     206     121       -1
     207       -1     85
     208     122       -1
     209       -1     86
     210       -1     87
     211     123       -1
     212       -1     88
     213     124       -1
     214     125       -1
     215     126       -1
     216       -1     89
     217     127       -1
     218     128       -1
     219     129       -1
     220     130       -1
     221       -1     90
     222     131       -1
     223       -1     91
     224     132       -1
     225     133       -1
     226     134       -1
     227     135       -1
     228     136       -1
     229       -1     92
     230     137       -1
     231     138       -1
     232     139       -1
     233     140       -1
     234     141       -1
     235     142       -1
     236     143       -1
     237     144       -1
     238     145       -1
     239     146       -1
     240     147       -1
     241     148       -1
     242       -1     93
     243     149       -1
     244     150       -1
     245     151       -1
     246     152       -1
     247       -1     94
     248     153       -1
     249     154       -1
     250       -1     95
     251     155       -1
     252     156       -1
     253     157       -1
     254     158       -1
     255     159       -1
     256     160       -1
     257       -1     96
     258       -1     97
     259     161       -1
     260       -1     98
     261     162       -1
     262     163       -1
     263     164       -1
     264       -1     99
     265       -1    100
     266     165       -1
     267       -1    101
     268       -1    102
     269     166       -1
     270     167       -1
     271     168       -1
     272     169       -1
     273       -1    103
     274     170       -1
     275     171       -1
     276     172       -1
     277     173       -1
     278     174       -1
     279       -1    104
     280       -1    105
     281       -1      -1
     282     175       -1
     283     176       -1
     284       -1    107
     285       -1    108
     286     177       -1
     287     178       -1
     288     179       -1
     289     180       -1
     290     181       -1
     291     182       -1
     292     183       -1
     293     184       -1
     294     185       -1
     295       -1    109
     296     186       -1
     297       -1    110
     298     187       -1
     299     188       -1
     300     189       -1
     301     190       -1
     302       -1    111
     303     191       -1
     304     192       -1
     305     193       -1
     306     194       -1
     307       -1    112
     308       -1    113
     309     195       -1
     310     196       -1
     311     197       -1
     312     198       -1
     313     199       -1
     314     200       -1
     315     201       -1
     316     202       -1
     317     203       -1
     318       -1    114
     319     204       -1
     320     205       -1
     321     206       -1
     322     207       -1
     323     208       -1
     324     209       -1
     325     210       -1
     326       -1    115
     327     211       -1
     328     212       -1
     329     213       -1
     330     214       -1
     331       -1    116
     332     215       -1
     333     216       -1
     334     217       -1
     335     218       -1
     336     219       -1
     337     220       -1
     338     221       -1
     339     222       -1
     340     223       -1
     341       -1    117
     342     224       -1
     343       -1    118
     344     225       -1
     345     226       -1
     346     227       -1
     347     228       -1
     348     229       -1
     349     230       -1
     350     231       -1
     351     232       -1
     352     233       -1
     353     234       -1
     354     235       -1
     355     236       -1
     356     237       -1
     357     238       -1
     358     239       -1
     359     240       -1
     360     241       -1
     361       -1    119
     362     242       -1
     363     243       -1
     364     244       -1
     365       -1    120
     366     245       -1
     367       -1    121
     368       -1    122
     369     246       -1
     370     247       -1
     371     248       -1
     372     249       -1
     373     250       -1
     374       -1    123
     375       -1    124
     376     251       -1
     377       -1    125
     378       -1    126
     379     252       -1
       -1    253     127
       -1    254     128
       -1    255     129
       -1    256     130
       -1    257     131
       -1    258     132
       -1    259     133
       -1    260     134
       -1    261       -1
       -1    262     136
       -1    263     137
       -1    264     138
       -1    265     139
       -1    266     140
       -1    267     141
       -1    268     142
       -1    269     143
       -1    270     144
       -1    271     145
       -1    272     146
       -1    273     147
       -1    274     148
       -1    275     149
       -1    276     150
       -1    277     151
       -1    278     152
       -1    279     153
       -1    280     154
       -1    281     155
       -1    282     156
       -1    283     157
       -1    284     158
       -1    285     159
     380     286     160
     381     287     161
     382     288     162
     383     289     163
     384     290     164
     385     291     165
       -1    292     166
     387     293     167
     388     294     168
     389     295     169
     390     296     170
     391     297     171
     392     298       -1
     393     299     173
     394     300     174
     395     301     175
     396     302     176
     397     303     177
     398     304     178
     399     305     179
     400     306     180
     401       -1      -1
     402     308     182
     403     309     183
     404     310     184
     405     311     185
     406       -1      -1
     407     313     187
     408     314     188
     409     315     189
     410     316     190
     411     317     191
     412     318     192
       -1    319       -1
     414     320     194
     415     321     195
     416     322     196
     417     323     197
     418     324     198
     419     325     199
     420     326     200
       -1      -1      -1
     422     328     202
       -1    329       -1
     424     330     204
     425     331     205
     426     332     206
     427     333     207
     428     334     208
     429     335     209
     430     336     210
     431     337     211
     432     338     212
     433     339     213
     434     340     214
     435     341     215
     436     342     216
     437     343     217
       -1    344     218
     439     345     219
     440     346     220
     441     347     221
     442     348     222
     443     349     223
     444     350     224
     445     351     225
     446     352     226
     447     353     227
     448     354     228
     449     355     229
     450     356     230
     451     357     231
     452     358     232
     453     359     233
     454     360     234
     455     361     235
     456     362     236
     457     363     237
     458     364     238
     459     365     239
     460     366     240
     461     367     241
     462     368     242
     463     369     243
     464     370     244
     465     371     245
     466     372     246
     467     373     247
     468     374     248
     469     375     249
     470     376     250
     471     377     251
     472     378       -1
     473     379       -1
     474     380     254
     475     381     255
     476     382     256
     477     383     257
     478     384     258
     479     385     259
     480     386     260
     481     387     261
     482     388     262
     483     389       -1
     484     390     264
     485     391     265
     486     392     266
     487     393     267
     488     394     268
     489     395     269
     490     396     270
     491     397     271
     492     398     272
     493     399     273
     494     400       -1
     495     401     275
     496     402     276
     497     403     277
     498     404     278
     499     405     279
     500     406     280
     501       -1    281
     502     408     282
     503     409     283
     504     410     284
     505     411     285
     506     412     286
       -1    413     287
     508     414     288
     509     415     289
     510     416     290
       -1    417     291
     512     418     292
     513     419     293
     514     420     294
     515     421     295
     516     422     296
     517     423     297
     518     424     298
     519     425     299
     520     426     300
     521     427     301
     522     428     302
     523     429     303
     524     430       -1
     525     431     305
     526     432     306
       -1    433     307
     528     434     308
     529     435     309
     530     436     310
       -1    437     311
     532     438     312
       -1    439     313
       -1    440       -1
     535     441       -1
     536     442       -1
       -1    443       -1
     538     444     318
       -1    445     319
     540     446     320
     541     447       -1
